9hl	384.96755	1625.6637	386.9671	1490.01935	344.0802	1402.25585	421.86565	1216.7508	475.72545	1261.6274	625.32725	1440.15865	747.99915	1613.6861	922.5313	1406.2451	867.67665	1312.4928	1282.57835	1189.8209	1236.69705	1007.31025	2040.55555	1650.59405	2389.61985	1268.61105	2293.87785	1069.1387	1469.07825	768.94025
7gl	2086.427	1167.88495	2015.61535	1296.5358	2076.4588	1358.3741	1902.9215	1475.0572	1865.0187	1415.21845	1795.21175	1214.75125	1768.28185	1011.2995	1506.9712	1174.85875	1485.03525	1248.6648	1023.26725	1237.6919	1010.30465	1430.1806	441.8119	567.4782	50.85555	817.81595	33.9037	1009.29995	739.0258	1683.5029
3fl	2705.7753	1240.6863	2601.05995	1366.3526	2675.86085	1454.1161	2504.31325	1569.80435	2498.3343	1508.97075	2385.6306	1330.44935	2361.6951	1121.0088	2127.3242	1289.55215	2080.44805	1404.24555	1621.67445	1365.35775	1608.702	1557.8366	1049.19245	684.17115	649.26275	898.5958	650.2576	1132.97655	1337.42315	1756.3141
11gr	141.61345	1001.32145	153.5812	1149.9284	56.84435	1249.65965	162.5644	1427.1862	221.4083	1361.3685	361.03205	1186.8265	514.6231	1034.24015	621.338	1296.5358	594.4081	1388.28855	1055.18125	1523.9329	1008.3051	1710.4328	1821.13695	1116.01485	2148.2653	1525.9226	2069.47515	1737.3627	1241.68115	2006.642
6al	2222.07135	1078.1219	2178.1896	1200.7938	2288.89375	1289.55215	2155.24895	1451.1217	2105.3784	1405.25025	1978.71725	1230.70825	1880.9757	1051.192	1755.3094	1291.5517	1801.1907	1351.39045	1349.40075	1472.07265	1386.29885	1659.5674	625.32725	1037.2247	225.39755	1360.3638	309.1718	1570.80905	1139.95035	1895.93785
1hr	482.7091	1145.93915	522.6016	1020.27285	475.72545	896.6061	649.26275	798.86455	686.16085	856.7136	744.0099	1068.14385	805.8482	1278.5891	997.3322	1120.0041	964.42335	1028.25135	1462.0946	1056.1761	1477.05675	876.65985	2036.5663	1725.39495	2460.4315	1488.02965	2447.4689	1284.56805	1822.1318	700.12815
6cr	541.553	1760.30335	558.50485	1626.65855	454.78435	1531.9114	596.40765	1386.29885	643.2838	1434.16985	772.9295	1589.7506	883.63365	1812.1636	1032.2406	1578.78755	1023.26725	1484.0404	1493.01375	1404.24555	1467.0787	1220.74005	2181.17415	1911.89485	2532.238	1579.7824	2475.39365	1368.3423	1660.56225	986.3593
3dr	2193.1419	1671.53515	2192.14705	1544.874	2318.8082	1468.0834	2207.1092	1309.4984	2148.2653	1349.40075	1978.71725	1509.9656	1826.12105	1672.53	1677.52395	1440.15865	1744.34635	1361.3685	1307.5087	1171.8742	1374.3311	999.33175	499.66095	1563.8254	120.67235	1128.9873	240.34985	947.4715	1180.84755	764.951
2br	342.08065	1489.0245	351.054	1628.64825	251.32275	1707.4384	392.94605	1889.9589	440.81705	1841.0832	569.47775	1650.59405	681.17675	1471.06795	852.72435	1728.38935	840.7566	1775.25565	1266.62135	1892.94345	1243.6807	2083.44245	1971.7336	1381.31475	2376.65725	1723.3954	2297.8671	1921.8729	1512.96	2302.8512
9dl	2013.62565	1542.8843	1999.65835	1416.2133	2130.30875	1357.37925	2042.54525	1166.88025	1981.71165	1198.79425	1827.12575	1328.4498	1661.56695	1509.9656	1545.86885	1223.73445	1577.78285	1152.9228	1187.8312	930.5098	1273.59515	757.9772	363.0316	1202.7835	132.6401	709.1015	276.26295	560.5044	1122.00365	424.86005
1dr	2403.58715	1550.8628	2442.4848	1454.1161	2487.3614	1391.28295	2456.44225	1198.79425	2414.5502	1254.64375	2245.012	1394.27735	2090.41625	1534.9058	1974.728	1268.61105	1987.6906	1195.8097	1557.8366	965.4182	1610.70155	762.9613	767.9454	1243.6807	496.66655	767.9454	632.3109	608.3754	1525.9226	477.725
8bl	806.84305	719.07955	787.89165	843.74115	664.2249	896.6061	750.99355	1077.12705	808.8426	1048.1976	981.3752	917.5472	1137.96065	781.9127	1251.6592	1043.2135	1215.75595	1104.0471	1559.83615	1331.4442	1481.046	1492.0189	2345.7381	1082.11115	2577.12445	1573.7936	2439.4904	1707.4384	1566.8198	1800.19585
1fl	644.27865	1196.80455	730.05245	1321.46615	637.295	1397.27175	780.908	1535.90065	824.7996	1488.02965	931.5145	1310.5031	1041.21395	1159.8966	1186.8265	1352.3853	1156.91205	1415.21845	1638.6263	1492.0189	1619.6749	1669.54545	2288.89375	986.3593	2669.87205	1279.58395	2595.07115	1501.9871	1819.14725	1910.9
3hr	634.3006	952.4556	717.08	838.75705	670.20385	741.0155	850.7248	659.2408	873.66545	720.0744	915.5575	936.4986	942.47755	1106.04665	1208.7723	1000.3266	1220.74005	904.5846	1649.5992	957.4397	1701.45945	806.84305	1995.6691	1707.4384	2588.0875	1574.7983	2552.18425	1351.39045	1949.79765	675.1978
4al	2254.9802	1645.60995	2242.0176	1486.0301	2291.8783	1390.2881	2173.19565	1221.7349	2118.341	1263.62695	1991.67985	1433.175	1878.986	1613.6861	1719.40615	1366.3526	1726.3898	1278.5891	1289.55215	1115.02	1346.40635	933.5042	514.6231	1527.92215	257.31155	1138.9555	270.27415	921.53645	1089.0948	643.2838
5gl	671.20855	1055.18125	650.2576	1188.82605	552.5259	1271.60545	658.2361	1392.2778	719.07955	1342.4171	865.68695	1175.86345	950.45605	1065.14945	1074.13265	1277.5844	1047.20275	1348.39605	1497.99785	1470.0731	1447.13245	1648.5945	2222.07135	1061.1602	2592.07675	1489.0245	2499.32915	1700.45475	1648.5945	1955.7766
9gr	688.1604	1240.6863	715.0903	1122.00365	636.30015	1067.149	781.9127	922.5313	828.78885	974.39155	954.4453	1173.8639	1062.1649	1372.33155	1253.6489	1143.9396	1239.69145	1069.1387	1695.47065	970.4023	1701.45945	747.99915	2351.7269	1557.8366	2502.32355	1255.64845	2690.81315	980.38035	1872.00235	525.596
11hl	575.4567	1149.9284	627.31695	1040.2191	649.26275	929.51495	830.77855	858.7033	854.71405	921.53645	875.65515	1141.9499	818.8108	1360.3638	1085.10555	1238.68675	1107.0415	1140.95505	1544.874	1247.66995	1590.7553	1072.1331	1967.74435	1989.69015	2520.27025	1811.16875	2519.2754	1566.8198	1919.87335	942.47755
8ar	724.06365	1877.9813	719.07955	1742.3468	594.4081	1683.5029	735.03655	1459.1002	770.9398	1537.89035	932.50935	1716.4216	1074.13265	1896.9327	1219.7452	1611.6964	1167.88495	1519.94365	1613.6861	1414.2236	1590.7553	1192.8153	2428.5175	1818.14255	2744.67295	1438.1591	2675.86085	1221.7349	1795.21175	921.53645
8cl	537.56375	1627.6534	542.54785	1477.05675	429.84415	1385.304	568.4829	1223.73445	620.34315	1271.60545	761.96645	1458.10535	871.6659	1614.6908	1079.11675	1424.1918	1059.1705	1350.3956	1475.0572	1215.75595	1438.1591	1025.25695	2217.0774	1702.4543	2610.0333	1370.34185	2513.29645	1167.88495	1674.52955	794.8753
4br	2278.9157	1718.4113	2259.9643	1587.7609	2362.68995	1500.99225	2235.03395	1323.4657	2237.02365	1389.29325	2153.2494	1553.84735	2025.5934	1754.31455	1814.1533	1522.9282	1866.01355	1429.18575	1412.22405	1334.4386	1435.1647	1157.9069	747.99915	1800.19585	374.99935	1457.1105	374.99935	1270.6106	1193.81015	920.5416
5dr	2242.0176	1994.67425	2291.8783	1844.0776	2399.5979	1791.21265	2324.797	1598.7338	2261.96385	1627.6534	2102.384	1758.3038	1944.8037	1893.94815	1879.98085	1620.66975	1889.9589	1544.874	1493.01375	1301.5199	1589.7506	1133.9714	652.25715	1539.8899	429.84415	1056.1761	568.4829	891.61215	1495.00345	807.8379
9el	2090.41625	882.6388	2059.4971	1016.2836	2154.2541	1123.99335	1994.67425	1255.64845	1952.7822	1201.78865	1863.029	1018.28315	1801.1907	835.76265	1620.66975	1061.1602	1649.5992	1145.93915	1157.9069	1175.86345	1135.9611	1374.3311	496.66655	556.51515	134.63965	843.74115	141.61345	1019.278	834.7678	1554.85205
7dr	845.7407	656.2464	840.7566	786.8968	712.0959	836.76735	797.8697	1020.27285	857.70845	993.34295	1040.2191	866.6818	1170.8695	735.03655	1273.59515	1006.3154	1264.6218	1066.15415	1643.6104	1280.5788	1558.8413	1440.15865	2457.4371	1053.1817	2756.6407	1533.9011	2659.90385	1693.48095	1702.4543	1758.3038
10bl	343.0755	1418.21285	372.9998	1300.52505	318.14515	1208.7723	417.8764	1086.1004	460.7633	1136.9658	580.45065	1331.4442	646.26835	1509.9656	839.7519	1313.48765	812.83185	1206.77275	1320.4713	1181.8424	1305.50915	1000.3266	1959.76585	1738.35755	2358.7007	1433.175	2269.94235	1204.78305	1492.0189	767.9454
3er	2332.7755	1892.94345	2340.754	1744.34635	2459.43665	1680.5085	2353.7166	1508.97075	2298.86195	1542.8843	2139.29195	1686.4973	2017.6149	1843.08275	1919.87335	1604.71275	1966.7495	1531.9114	1555.8469	1334.4386	1618.68005	1167.88495	795.87015	1644.60525	465.75725	1212.76155	607.3707	1024.2621	1417.218	855.7089
11dl	2564.152	1274.59985	2583.1034	1409.2395	2639.9576	1445.14275	2589.0922	1643.6104	2511.2969	1571.8039	2397.59835	1416.2133	2241.0129	1240.6863	2087.4317	1477.05675	2109.36765	1547.8684	1705.4487	1707.4384	1759.29865	1887.95935	963.4285	1288.5573	591.4137	1683.5029	702.11785	1858.03505	1573.7936	2145.2709
6br	2309.83485	1103.05225	2216.08255	1211.7667	2273.9316	1340.41755	2082.43775	1415.21845	2058.50225	1351.39045	2017.6149	1128.9873	1992.68455	915.5575	1755.3094	1050.19715	1737.3627	1099.063	1313.48765	1025.25695	1261.6274	1203.7882	854.71405	297.20405	357.0428	337.09655	372.00495	610.3651	909.5687	1331.4442
11fr	2481.3726	1666.55105	2439.4904	1559.83615	2474.3988	1460.1049	2384.63575	1313.48765	2338.75445	1359.36895	2226.0606	1535.90065	2089.4214	1708.4431	1919.87335	1483.0357	1962.76025	1384.2993	1518.93895	1253.6489	1535.90065	1112.0256	846.73555	1761.2982	484.6988	1419.2077	551.5212	1208.7723	1345.40165	860.70285
3gl	471.7362	1236.69705	480.70955	1373.33625	368.0157	1459.1002	507.63945	1618.68005	559.4997	1573.7936	701.123	1395.2722	825.79445	1217.74565	1015.28875	1451.1217	995.3425	1521.93335	1413.22875	1660.56225	1376.3208	1844.0776	2157.23865	1201.78865	2489.3511	1579.7824	2448.46375	1764.2926	1623.66415	2117.34615
5hr	531.57495	1500.99225	611.35995	1316.48205	531.57495	1228.71855	729.04775	1069.1387	745.00475	1125.9929	843.74115	1338.42785	925.5257	1546.87355	1158.90175	1349.40075	1150.92325	1263.62695	1591.75015	1241.68115	1597.7291	1050.19715	2220.0718	1877.9813	2693.80755	1637.63145	2621.0062	1402.25585	1910.9	836.76735
2al	189.4943	1633.6422	189.4943	1495.00345	30.9093	1435.1647	159.57	1240.6863	159.57	1284.56805	372.00495	1467.0787	500.6558	1646.6048	676.19265	1404.24555	653.252	1333.4339	1054.1864	1179.8527	1011.2995	996.33735	1798.1963	1615.68565	2207.1092	1234.6975	2106.37325	1034.24015	1205.7779	729.04775
7fl	739.0258	1370.34185	779.91315	1237.6919	697.13375	1121.0088	863.6874	1003.321	900.59535	1061.1602	989.3537	1275.5947	1061.1602	1485.03525	1291.5517	1306.51385	1289.55215	1215.75595	1723.3954	1197.7994	1732.3786	1007.31025	2285.89935	1851.06125	2755.64585	1581.7721	2723.73185	1385.304	2025.5934	794.8753
9bl	2336.76475	1647.59965	2298.86195	1509.9656	2387.63015	1393.2825	2221.06665	1265.61665	2182.17885	1323.4657	2085.43215	1540.88475	2006.642	1753.3197	1777.2552	1559.83615	1807.1795	1456.11565	1335.43345	1399.26145	1331.4442	1202.7835	733.037	2048.53405	285.2363	1742.3468	351.054	1544.874	1068.14385	998.3369
5cr	2298.86195	1259.6377	2247.0017	1366.3526	2314.81895	1486.0301	2128.31905	1576.788	2099.39945	1516.94925	2041.5504	1303.51945	1998.6635	1097.0733	1770.27155	1253.6489	1781.24445	1312.4928	1329.44465	1267.6162	1291.5517	1446.1376	843.74115	576.4614	366.01615	781.9127	350.05915	979.3855	963.4285	1609.69685
4er	2182.17885	1350.3956	2205.10965	1209.76715	2299.8568	1171.8742	2192.14705	989.3537	2135.3027	1026.26165	2004.6523	1187.8312	1838.0888	1344.4068	1720.41085	1077.12705	1750.3253	989.3537	1342.4171	775.9239	1407.23995	596.40765	558.50485	1124.99805	233.37605	725.0585	373.99465	535.5642	1216.7508	357.0428
8dl	285.2363	1403.2507	339.08625	1274.59985	249.33305	1180.84755	425.8549	1067.149	459.76845	1122.00365	580.45065	1317.4769	682.1716	1497.99785	890.6173	1288.5573	872.6706	1184.8368	1311.49795	1139.95035	1296.5358	956.44485	1971.7336	1704.45385	2430.51705	1385.304	2342.7437	1170.8695	1546.87355	739.0258
8fr	996.33735	1046.2079	1075.1275	953.45045	1044.20835	827.78415	1223.73445	793.88045	1235.7022	854.71405	1238.68675	1062.1649	1196.80455	1247.66995	1455.11095	1198.79425	1462.0946	1101.06255	1842.07805	1255.64845	1913.8944	1104.0471	2109.36765	2000.66305	2577.12445	1995.6691	2574.13005	1778.25005	2220.0718	1047.20275
2hr	795.87015	987.364	763.95615	1118.0144	633.30575	1168.8798	716.08515	1356.37455	777.92345	1328.4498	963.4285	1198.79425	1131.97185	1065.14945	1208.7723	1324.46055	1167.88495	1364.35305	1515.9544	1570.80905	1487.02495	1762.29305	2405.57685	1369.347	2619.00665	1859.03975	2538.2268	1955.7766	1671.53515	2058.50225
5al	622.33285	1313.48765	659.2408	1187.8312	559.4997	1116.01485	697.13375	938.4883	742.0202	1015.28875	875.65515	1202.7835	977.38595	1386.29885	1138.9555	1155.90735	1107.0415	1076.12235	1538.89505	976.3911	1508.97075	790.88605	2249.9961	1480.05115	2629.97955	1144.9443	2552.18425	936.4986	1774.2608	570.4726
7al	2555.17865	1206.77275	2526.25905	1337.42315	2633.9688	1417.218	2509.29735	1584.7665	2499.32915	1534.9058	2375.6624	1371.3367	2229.04515	1188.82605	2058.50225	1420.20255	2044.5448	1489.0245	1618.68005	1594.74455	1652.58375	1776.26035	921.53645	1115.02	498.6661	1438.1591	565.4885	1669.54545	1421.20725	2033.5719
2fl	2437.49085	970.4023	2423.5334	1100.05785	2488.35625	1183.84195	2366.6792	1348.39605	2314.81895	1303.51945	2207.1092	1133.9714	2081.4429	946.4668	1955.7766	1191.82045	1976.72755	1269.6059	1506.9712	1392.2778	1554.85205	1578.78755	770.9398	933.5042	433.8334	1350.3956	546.5371	1513.95485	1363.3582	1833.1047
11ar	2416.54975	1848.06685	2448.46375	1688.487	2478.38805	1588.75575	2383.6409	1426.19135	2333.77035	1479.04645	2225.0559	1671.53515	2136.29755	1857.0402	1969.7439	1620.66975	1967.74435	1523.9329	1487.02495	1423.19695	1522.9282	1233.70265	801.85895	1908.90045	370.0054	1567.81465	436.8278	1339.4227	1298.53535	1001.32145
6gl	2108.3728	1279.58395	2037.56115	1375.32595	2114.35175	1456.11565	1948.79295	1584.7665	1931.8411	1555.8469	1806.1748	1389.29325	1712.43235	1217.74565	1588.75575	1437.16425	1526.9273	1486.0301	1109.04105	1610.70155	1151.9181	1788.2281	393.9409	1153.91765	77.78545	1551.85765	113.6887	1723.3954	735.03655	2064.49105
6er	2033.5719	1704.45385	2065.4859	1589.7506	2193.1419	1527.92215	2103.3887	1347.4012	2043.5401	1380.31005	1899.9271	1506.9712	1745.3412	1653.58845	1619.6749	1383.30445	1656.573	1316.48205	1264.6218	1113.0303	1345.40165	944.4771	460.7633	1406.2451	240.34985	952.4556	382.97785	822.80005	1174.85875	645.2735
3br	704.1174	589.424	699.1333	699.1333	604.38615	762.9613	676.19265	952.4556	739.0258	923.536	906.5743	790.88605	1058.17565	651.2623	1084.10085	906.5743	1028.25135	978.3808	1463.08945	1223.73445	1367.34745	1388.28855	2290.88345	986.3593	2526.25905	1469.07825	2432.50675	1583.77165	1496.00815	1707.4384
10el	2336.76475	1753.3197	2224.06105	1817.1477	2204.1148	1931.8411	2037.56115	2011.6261	2052.5233	1943.80885	2048.53405	1742.3468	2029.58265	1530.91655	1762.29305	1633.6422	1748.3356	1715.4169	1301.5199	1620.66975	1220.74005	1796.2066	987.364	899.6005	415.8867	995.3425	391.9512	1180.84755	1002.32615	1910.9
2dr	2272.93675	1530.91655	2282.90495	1381.31475	2390.6147	1292.54655	2268.9475	1133.9714	2199.1307	1204.78305	2082.43775	1384.2993	1971.7336	1565.8151	1802.18555	1335.43345	1816.15285	1248.6648	1462.0946	1121.0088	1365.35775	926.52055	627.31695	1579.7824	279.2475	1218.7405	377.9839	1012.29435	1190.81575	661.2305
7br	2414.5502	2018.60975	2408.57125	1879.98085	2499.32915	1794.20705	2389.61985	1629.65295	2337.7596	1673.5347	2194.1466	1851.06125	2058.50225	2028.5878	1879.98085	1786.22855	1916.87895	1712.43235	1475.0572	1561.82585	1516.94925	1377.3255	744.0099	2000.66305	398.93485	1594.74455	525.596	1393.2825	1313.48765	1085.10555
2er	2191.1522	1450.12685	2166.22185	1575.79315	2258.96945	1671.53515	2111.3672	1800.19585	2069.47515	1751.32015	1960.7607	1565.8151	1869.00795	1383.30445	1666.55105	1573.7936	1682.50805	1668.54075	1198.79425	1724.4001	1203.7882	1901.92665	646.26835	1168.8798	258.3064	1478.0516	338.0914	1691.4814	1053.1817	2097.3999
10dl	2401.5876	1729.3842	2388.625	1577.78285	2462.43105	1490.01935	2365.68435	1324.46055	2310.8297	1363.3582	2152.25455	1525.9226	2031.57235	1690.48655	1907.9056	1449.132	1963.7551	1379.3152	1584.7665	1228.71855	1645.60995	1052.18685	825.79445	1615.68565	502.65535	1204.78305	566.48335	1012.29435	1468.0834	788.8865
3cr	498.6661	973.3967	579.44595	859.69815	523.59645	747.0043	689.15525	642.2791	724.06365	702.11785	777.92345	903.58975	850.7248	1107.0415	1083.106	946.4668	1092.07935	828.78885	1529.91185	905.57945	1542.8843	721.06925	2082.43775	1576.788	2490.3558	1331.4442	2511.2969	1120.0041	1810.16405	510.63385
11bl	849.72995	1735.36315	836.76735	1633.6422	724.06365	1558.8413	848.7351	1388.28855	900.59535	1427.1862	1036.22985	1587.7609	1146.934	1770.27155	1328.4498	1511.96515	1305.50915	1444.1479	1697.4702	1264.6218	1652.58375	1087.09525	2432.50675	1641.6207	2783.5706	1215.75595	2662.8884	986.3593	1881.97055	747.99915
6fl	2561.16745	1468.0834	2501.31885	1624.659	2525.2642	1719.40615	2417.5446	1820.1421	2375.6624	1742.3468	2299.8568	1550.8628	2231.0447	1351.39045	2022.599	1533.9011	1980.7168	1598.7338	1495.00345	1560.831	1468.0834	1758.3038	954.4453	857.70845	450.7951	1100.05785	478.71985	1318.4816	1208.7723	1952.7822
3al	2303.84605	1487.02495	2267.9428	1596.73425	2244.0073	1677.52395	2063.4962	1768.28185	2033.5719	1704.45385	2016.62005	1505.97635	1989.69015	1279.58395	1740.3571	1405.25025	1696.4655	1477.05675	1269.6059	1428.18105	1235.7022	1616.6805	779.91315	682.1716	303.183	856.7136	315.15075	1045.2032	893.6117	1755.3094
10fr	159.57	1013.2892	183.5055	1101.06255	68.8121	1213.7564	234.3709	1406.2451	240.34985	1318.4816	410.9026	1074.13265	484.6988	930.5098	651.2623	1131.97185	653.252	1189.8209	1086.1004	1242.676	1089.0948	1435.1647	1690.48655	645.2735	2167.2167	925.5257	2105.3784	1140.95505	1369.347	1641.6207
2gl	617.34875	1456.11565	599.3922	1557.8366	507.63945	1623.66415	646.26835	1779.2449	694.13935	1748.3356	776.91875	1579.7824	901.5902	1402.25585	1073.12795	1618.68005	1065.14945	1712.43235	1517.9441	1798.1963	1488.02965	1981.71165	2199.1307	1309.4984	2574.13005	1642.61555	2580.109	1863.029	1725.39495	2223.0662
9ar	586.4296	1409.2395	615.3492	1546.87355	519.6072	1644.60525	676.19265	1783.23415	720.0744	1734.3683	830.77855	1543.87915	924.53085	1355.3797	1126.98775	1560.831	1122.9985	1651.5889	1544.874	1737.3627	1535.90065	1919.87335	2192.14705	1202.7835	2636.9632	1514.9497	2580.109	1700.45475	1753.3197	2112.36205
10hl	825.79445	1960.7607	798.86455	1807.1795	687.16555	1764.2926	761.96645	1579.7824	823.7949	1606.7123	995.3425	1714.42205	1151.9181	1825.1262	1238.68675	1569.80435	1195.8097	1502.98195	1579.7824	1244.67555	1485.03525	1114.02515	2407.5764	1480.05115	2595.07115	1014.2939	2480.37775	862.69255	1633.6422	825.79445
1al	650.2576	874.6603	638.28985	1013.2892	517.6175	1082.11115	626.3221	1262.6321	683.1763	1225.72415	845.7407	1069.1387	991.35325	909.5687	1095.07375	1171.8742	1103.05225	1254.64375	1579.7824	1474.06235	1502.98195	1650.59405	2330.77595	1097.0733	2647.9361	1519.94365	2568.14125	1696.4655	1675.5244	1905.9159
6hr	669.209	1374.3311	682.1716	1463.08945	603.38145	1561.82585	726.0632	1717.41645	775.9239	1671.53515	914.5528	1491.0142	997.3322	1317.4769	1166.88025	1534.9058	1160.9013	1618.68005	1558.8413	1747.3309	1516.94925	1930.84625	2263.95355	1271.60545	2690.81315	1732.3786	2624.0006	1875.9916	1750.3253	2195.14145
8gr	1915.8841	1138.9555	1941.81915	1273.59515	2072.46955	1334.4386	1977.7224	1518.93895	1916.87895	1486.0301	1735.36315	1341.4124	1570.80905	1193.81015	1496.00815	1448.13715	1514.9497	1504.9815	1147.92885	1726.3898	1229.7134	1896.9327	282.2419	1430.1806	74.79105	1884.96495	138.6289	2106.37325	1049.19245	2235.03395
4dr	2080.44805	1299.5302	2046.5345	1416.2133	2148.2653	1486.0301	2040.55555	1654.5833	1982.7065	1620.66975	1818.14255	1474.06235	1669.54545	1325.4554	1567.81465	1570.80905	1616.6805	1645.60995	1194.805	1819.14725	1260.63255	1984.70605	409.8979	1495.00345	99.73125	1920.8682	198.46765	2117.34615	1046.2079	2275.9213
5br	2487.3614	899.6005	2487.3614	1029.2462	2613.0277	1121.0088	2505.3081	1262.6321	2451.45815	1223.73445	2349.72735	1079.11675	2174.20035	909.5687	2033.5719	1122.00365	2087.4317	1200.7938	1649.5992	1355.3797	1704.45385	1524.92775	909.5687	987.364	608.3754	1386.29885	712.0959	1551.85765	1534.9058	1783.23415
9cl	567.4782	1458.10535	581.4455	1315.4872	472.73105	1216.7508	616.3539	1060.16535	666.2146	1110.0359	800.85425	1305.50915	903.58975	1483.0357	1060.16535	1225.72415	1070.1434	1185.83165	1536.8955	1049.19245	1524.92775	847.7304	2244.0073	1569.80435	2669.87205	1236.69705	2556.1735	1014.2939	1689.4917	612.36465
9br	2299.8568	1268.61105	2272.93675	1396.26705	2377.6521	1493.01375	2233.0344	1639.62115	2186.1681	1589.7506	2058.50225	1398.2666	1948.79295	1207.77745	1752.32485	1425.1965	1774.2608	1512.96	1333.4339	1584.7665	1358.3741	1771.2664	643.2838	1055.18125	236.3606	1397.27175	290.2204	1578.78755	1133.9714	2025.5934
1bl	534.56935	1639.62115	545.54225	1504.9815	438.82735	1415.21845	575.4567	1262.6321	624.3324	1308.50355	758.97205	1488.02965	867.67665	1646.6048	1066.15415	1432.1703	1064.1546	1341.4124	1481.046	1245.6704	1469.07825	1036.22985	2189.15265	1666.55105	2508.3025	1360.3638	2454.45255	1176.8583	1620.66975	803.84865
8dr	634.3006	1224.7293	704.1174	1322.47085	607.3707	1427.1862	769.94495	1564.82025	813.8267	1510.96045	924.53085	1308.50355	1019.278	1109.04105	1209.76715	1316.48205	1184.8368	1400.2563	1632.6375	1476.0619	1625.6637	1666.55105	2290.88345	893.6117	2713.7538	1215.75595	2651.92535	1415.21845	1902.9215	1892.94345
4gr	874.6603	746.00945	834.7678	876.65985	699.1333	923.536	772.9295	1113.0303	836.76735	1086.1004	1032.2406	961.42895	1158.90175	825.79445	1264.6218	1087.09525	1259.6377	1147.92885	1609.69685	1416.2133	1509.9656	1576.788	2465.4156	1204.78305	2650.92065	1650.59405	2552.18425	1821.13695	1660.56225	1869.00795
2hl	2198.13585	1246.66525	2208.10405	1399.26145	2314.81895	1495.00345	2175.1952	1640.616	2127.3242	1590.7553	2017.6149	1422.2021	1917.88365	1214.75125	1705.4487	1428.18105	1724.4001	1505.97635	1337.42315	1604.71275	1331.4442	1771.2664	607.3707	1073.12795	201.46205	1388.28855	246.33865	1625.6637	1046.2079	2024.59855
5ar	303.183	1079.11675	306.1774	959.43925	276.26295	876.65985	417.8764	768.94025	458.7736	824.7996	561.49925	1030.2509	637.295	1216.7508	885.6332	1046.2079	855.7089	942.47755	1303.51945	913.55795	1301.5199	726.0632	1922.86775	1524.92775	2374.6577	1229.7134	2301.85635	1003.321	1548.86325	513.62825
2fr	2313.8241	1182.83725	2323.7923	1321.46615	2438.49555	1391.28295	2333.77035	1570.80905	2277.92085	1533.9011	2119.3457	1376.3208	1955.7766	1223.73445	1858.03505	1446.1376	1913.8944	1526.9273	1519.94365	1722.40055	1580.77725	1900.92195	755.97765	1370.34185	413.88715	1793.2122	557.51	1995.6691	1397.27175	2216.08255
6el	2193.1419	963.4285	2153.2494	1097.0733	2225.0559	1183.84195	2095.4102	1342.4171	2043.5401	1298.53535	1919.87335	1132.97655	1807.1795	959.43925	1626.65855	1197.7994	1647.59965	1285.5629	1188.82605	1433.175	1267.6162	1611.6964	493.682	948.46635	197.4728	1351.39045	203.45175	1555.8469	1050.19715	1890.95375
11cr	2388.625	1467.0787	2408.57125	1350.3956	2487.3614	1300.52505	2454.45255	1110.0359	2387.63015	1133.9714	2201.1204	1251.6592	2024.59855	1385.304	1964.74995	1096.0686	2014.6205	1032.2406	1610.70155	772.9295	1717.41645	616.3539	742.0202	953.45045	465.75725	443.81145	679.18705	327.1185	1575.79315	300.19845
10er	2304.85075	1341.4124	2263.95355	1460.1049	2354.71145	1555.8469	2201.1204	1692.47625	2161.2279	1643.6104	2057.5074	1457.1105	1970.73875	1272.6003	1817.1477	1481.046	1810.16405	1556.84175	1383.30445	1635.6319	1389.29325	1815.158	771.93465	1112.0256	288.2307	1427.1862	329.11805	1589.7506	1136.9658	2028.5878
2dl	2220.0718	1413.22875	2218.0821	1274.59985	2333.77035	1190.81575	2205.10965	1024.2621	2152.25455	1068.14385	2003.6476	1241.68115	1893.94815	1381.31475	1760.30335	1201.78865	1768.28185	1100.05785	1334.4386	943.48225	1380.31005	758.97205	585.43475	1375.32595	246.33865	1011.2995	287.226	819.80565	1136.9658	516.6128
7bl	439.8222	1397.27175	532.5698	1274.59985	445.80115	1160.9013	610.3651	1033.23545	649.26275	1090.08965	744.0099	1301.5199	815.8164	1484.0404	1031.24575	1303.51945	1017.27845	1218.7405	1432.1703	1173.8639	1437.16425	980.38035	2028.5878	1803.19025	2505.3081	1535.90065	2525.2642	1332.43905	1765.28745	807.8379
2el	2256.97975	1546.87355	2163.22745	1635.6319	2207.1092	1740.3571	2029.58265	1821.13695	2006.642	1761.2982	2017.6149	1578.78755	1971.7336	1373.33625	1769.2767	1476.0619	1743.34165	1596.73425	1303.51945	1492.0189	1220.74005	1662.5618	870.67105	798.86455	360.0372	937.49345	394.9456	1130.977	977.38595	1782.2393
10dr	2728.71595	1106.04665	2672.86645	1233.70265	2633.9688	1348.39605	2613.0277	1413.22875	2510.30205	1416.2133	2485.36185	1195.8097	2517.2857	993.34295	2255.97505	1116.01485	2207.1092	1200.7938	1738.35755	1165.8854	1700.45475	1347.4012	1295.54095	472.73105	807.8379	634.3006	780.908	874.6603	1409.2395	1513.95485
6fr	552.5259	1144.9443	571.46745	1282.57835	466.7521	1381.31475	615.3492	1528.917	663.23005	1478.0516	791.8809	1284.56805	901.5902	1091.0845	1066.15415	1309.4984	1005.3107	1401.261	1461.09975	1476.0619	1437.16425	1665.5562	2162.2326	938.4883	2582.10855	1345.40165	2553.18895	1503.98665	1723.3954	1922.86775
4hl	888.6276	1087.09525	881.64395	1226.719	764.951	1307.5087	876.65985	1478.0516	930.5098	1435.1647	1086.1004	1262.6321	1224.7293	1089.0948	1330.44935	1338.42785	1293.5414	1409.2395	1747.3309	1554.85205	1690.48655	1739.3524	2496.33475	1132.97655	2804.5117	1545.86885	2710.76925	1725.39495	1833.1047	2024.59855
10fl	701.123	1788.2281	678.18235	1619.6749	580.45065	1525.9226	679.18705	1353.39	765.9557	1449.132	854.71405	1609.69685	981.3752	1794.20705	1145.93915	1577.78285	1130.977	1478.0516	1569.80435	1374.3311	1548.86325	1185.83165	2225.0559	1872.00235	2698.8015	1535.90065	2607.0389	1335.43345	1821.13695	920.5416
2gr	2564.152	1482.04085	2567.1464	1332.43905	2668.8772	1291.5517	2604.05435	1126.98775	2604.05435	1168.8798	2387.63015	1331.4442	2256.97975	1501.9871	2091.42095	1254.64375	2115.35645	1167.88495	1696.4655	1004.31585	1744.34635	821.8052	957.4397	1423.19695	622.33285	1026.26165	727.05805	818.8108	1590.7553	549.5315
9al	365.0213	1557.8366	366.01615	1419.2077	281.24705	1360.3638	418.8811	1182.83725	464.75255	1230.70825	587.42445	1418.21285	693.1445	1604.71275	866.6818	1420.20255	851.71965	1348.39605	1246.66525	1240.6863	1222.72975	1055.18125	1911.89485	1749.33045	2394.60395	1379.3152	2291.8783	1205.7779	1436.1694	791.8809
6hl	206.44615	1312.4928	207.441	1429.18575	123.66675	1487.02495	123.66675	1645.60995	276.26295	1598.7338	366.01615	1431.17545	516.6128	1242.676	711.10105	1484.0404	673.19825	1566.8198	1070.1434	1692.47625	1025.25695	1876.98645	1786.22855	1226.719	2185.1634	1605.7076	2077.45365	1813.15845	1231.71295	2144.27605
8gl	2601.05995	1533.9011	2547.20015	1401.261	2583.1034	1337.42315	2482.3773	1205.7779	2436.496	1269.6059	2353.7166	1468.0834	2301.85635	1669.54545	2110.3625	1490.01935	2106.37325	1393.2825	1607.70715	1369.347	1600.7235	1184.8368	1038.2294	1980.7168	526.59085	1679.51365	569.47775	1495.00345	1363.3582	960.4341
1cl	2468.41	1146.934	2459.43665	1272.6003	2544.20575	1325.4554	2467.41515	1503.98665	2425.5231	1461.09975	2294.8727	1324.46055	2147.27045	1149.9284	1998.6635	1388.28855	1986.69575	1463.08945	1585.76135	1660.56225	1615.68565	1853.05095	836.76735	1340.41755	550.52635	1717.41645	665.21975	1870.0028	1575.79315	2051.5186
4dl	2076.4588	2110.3625	2061.49665	1976.72755	2139.29195	1892.94345	2008.64155	1742.3468	1959.76585	1785.2337	1867.01825	1956.77145	1749.33045	2122.33025	1603.7179	1886.9645	1626.65855	1783.23415	1162.891	1693.48095	1198.79425	1517.9441	463.7577	2136.29755	75.79575	1772.2711	144.60785	1587.7609	953.45045	1286.5676
5bl	2030.5775	1177.85315	2024.59855	1322.47085	2114.35175	1378.32035	1969.7439	1572.79875	1918.8785	1477.05675	1799.201	1339.4227	1697.4702	1119.00925	1543.87915	1334.4386	1580.77725	1423.19695	1081.1163	1532.90625	1112.0256	1708.4431	393.9409	1064.1546	65.8177	1420.20255	114.6934	1629.65295	902.58505	1926.857
9cr	633.30575	1819.14725	657.24125	1669.54545	540.55815	1579.7824	662.22535	1376.3208	698.1286	1420.20255	886.62805	1594.74455	1011.2995	1790.2178	1193.81015	1573.7936	1169.87465	1490.01935	1647.59965	1337.42315	1564.82025	1091.0845	2327.78155	1813.15845	2665.8828	1364.35305	2616.0221	1227.7237	1708.4431	857.70845
9hr	574.46185	1135.9611	607.3707	1010.30465	559.4997	888.6276	732.04215	798.86455	763.95615	860.70285	804.8435	1079.11675	844.74585	1292.54655	1113.0303	1154.9125	1100.05785	1056.1761	1540.88475	1121.0088	1566.8198	937.49345	2048.53405	1842.07805	2505.3081	1627.6534	2492.3455	1428.18105	1878.986	786.8968
7gr	652.25715	1252.65405	695.14405	1134.96625	619.33845	1011.2995	797.8697	908.57385	830.77855	969.40745	877.6547	1183.84195	912.5631	1412.22405	1160.9013	1254.64375	1185.83165	1173.8639	1613.6861	1187.8312	1646.6048	999.33175	2160.23305	1886.9645	2680.84495	1672.53	2657.9043	1441.1535	1971.7336	818.8108
11gl	2150.255	1853.05095	2160.23305	1717.41645	2281.9101	1650.59405	2180.1793	1447.13245	2124.3298	1483.0357	2001.6579	1693.48095	1823.1365	1850.05655	1707.4384	1587.7609	1732.3786	1501.9871	1339.4227	1285.5629	1338.42785	1132.97655	496.66655	1630.6478	212.4251	1194.805	279.2475	977.38595	1162.891	818.8108
6ar	594.4081	1549.8581	576.4614	1385.304	520.60205	1339.4227	656.2464	1190.81575	698.1286	1241.68115	780.908	1427.1862	867.67665	1630.6478	1047.20275	1439.15395	1018.28315	1356.37455	1507.9759	1323.4657	1496.00815	1138.9555	2154.2541	1860.0346	2541.2212	1566.8198	2525.2642	1331.4442	1740.3571	863.6874
1hl	2415.5549	1378.32035	2385.6306	1250.6545	2480.37775	1153.91765	2304.85075	1008.3051	2261.96385	1057.17095	2154.2541	1243.6807	2062.4915	1427.1862	1895.93785	1229.7134	1929.8514	1145.93915	1464.09415	1081.1163	1471.06795	903.58975	827.78415	1609.69685	416.88155	1285.5629	470.74135	1071.13825	1211.7667	658.2361
6cl	570.4726	1392.2778	626.3221	1269.6059	582.44035	1174.85875	750.99355	1060.16535	789.8912	1117.01955	880.6491	1328.4498	955.45	1533.9011	1172.86905	1347.4012	1161.89615	1270.6106	1647.59965	1287.56245	1656.573	1101.06255	2238.02835	1932.83595	2642.94215	1648.5945	2585.10295	1429.18575	1938.82475	876.65985
3dl	2211.09845	1314.49235	2225.0559	1444.1479	2339.75915	1528.917	2225.0559	1722.40055	2153.2494	1653.58845	2004.6523	1476.0619	1873.99205	1298.53535	1722.40055	1528.917	1756.3141	1600.7235	1320.4713	1750.3253	1366.3526	1934.8355	574.46185	1300.52505	186.4999	1714.42205	309.1718	1880.9757	1133.9714	2201.1204
2bl	2206.11435	1205.7779	2151.2597	1326.4601	2254.9802	1424.1918	2113.3569	1621.67445	2062.4915	1533.9011	1944.8037	1352.3853	1819.14725	1145.93915	1654.5833	1400.2563	1675.5244	1451.1217	1232.7078	1565.8151	1253.6489	1761.2982	543.5427	1034.24015	140.6186	1355.3797	140.6186	1554.85205	950.45605	1983.70135
9dr	2501.31885	1200.7938	2535.2324	1368.3423	2544.20575	1450.12685	2486.36655	1591.75015	2429.51235	1548.86325	2279.91055	1381.31475	2154.2541	1202.7835	2061.49665	1450.12685	2048.53405	1507.9759	1622.6693	1665.5562	1684.49775	1849.0617	843.74115	1238.68675	505.64975	1650.59405	592.4184	1845.07245	1516.94925	2138.28725
5el	2184.16855	1751.32015	2158.24335	1648.5945	2226.0606	1552.8525	2115.35645	1392.2778	2062.4915	1435.1647	1909.90515	1609.69685	1824.13135	1795.21175	1668.54075	1557.8366	1698.46505	1471.06795	1268.61105	1326.4601	1324.46055	1144.9443	528.58055	1764.2926	228.3821	1361.3685	285.2363	1179.8527	1153.91765	881.64395
4cl	243.34425	1190.81575	302.18815	1089.0948	230.38165	957.4397	425.8549	836.76735	455.7792	898.5958	515.61795	1119.00925	559.4997	1334.4386	790.88605	1161.89615	764.951	1093.08405	1252.65405	1141.9499	1291.5517	954.4453	1771.2664	1851.06125	2279.91055	1637.63145	2288.89375	1416.2133	1600.7235	806.84305
1dl	433.8334	1796.2066	445.80115	1694.4758	311.1615	1596.73425	435.83295	1429.18575	490.6876	1471.06795	642.2791	1639.62115	773.9342	1790.2178	948.46635	1533.9011	935.50375	1451.1217	1417.218	1294.5461	1354.38485	1079.11675	2154.2541	1731.3739	2459.43665	1314.49235	2419.54415	1136.9658	1522.9282	864.6921
8br	800.85425	1643.6104	797.8697	1502.98195	700.12815	1414.2236	837.7622	1270.6106	882.6388	1315.4872	1001.32145	1493.01375	1100.05785	1685.50245	1267.6162	1469.07825	1247.66995	1392.2778	1658.57255	1287.56245	1636.62675	1111.03075	2308.84	1764.2926	2713.7538	1408.2348	2621.0062	1246.66525	1848.06685	846.73555
1fr	415.8867	1612.69125	438.82735	1470.0731	380.9783	1405.25025	527.5857	1247.66995	569.47775	1300.52505	675.1978	1497.003	758.97205	1660.56225	928.5201	1466.08385	909.5687	1372.33155	1327.45495	1308.50355	1450.12685	1122.9985	2007.63685	1872.9972	2463.4259	1589.7506	2368.67875	1375.32595	1645.60995	977.38595
3hl	2204.1148	1268.61105	2156.2438	1401.261	2225.0559	1515.9544	2058.50225	1625.6637	2028.5878	1567.81465	1996.6738	1384.2993	1923.8626	1191.82045	1713.4272	1354.38485	1714.42205	1471.06795	1305.50915	1469.07825	1255.64845	1611.6964	798.86455	773.9342	257.31155	1006.3154	258.3064	1225.72415	978.3808	1776.26035
4ar	2761.6248	1480.05115	2762.6295	1365.35775	2693.80755	1252.65405	2592.07675	1122.00365	2592.07675	1178.848	2465.4156	1393.2825	2402.58245	1593.73985	2182.17885	1401.261	2207.1092	1303.51945	1656.573	1302.5246	1642.61555	1077.12705	1104.0471	1907.9056	671.20855	1614.6908	729.04775	1362.36335	1468.0834	875.65515
7hl	2131.31345	1522.9282	2145.2709	1393.2825	2258.96945	1312.4928	2142.2765	1132.97655	2084.4373	1174.85875	1933.84065	1346.40635	1799.201	1521.93335	1640.616	1257.63815	1653.58845	1194.805	1183.84195	1004.31585	1240.6863	797.8697	450.7951	1423.19695	123.66675	984.3696	228.3821	827.78415	1083.106	550.52635
9gl	2141.28165	1598.7338	2110.3625	1520.9385	2220.0718	1420.20255	2073.4644	1269.6059	2023.59385	1320.4713	1889.9589	1518.93895	1773.26595	1714.42205	1574.7983	1491.0142	1605.7076	1383.30445	1106.04665	1295.54095	1087.09525	1081.1163	466.7521	1837.09395	117.67795	1532.90625	132.6401	1300.52505	927.52525	896.6061
11hr	231.3765	1584.7665	249.33305	1428.18105	186.4999	1331.4442	333.1073	1153.91765	354.0484	1205.7779	454.78435	1396.26705	557.51	1589.7506	813.8267	1365.35775	801.85895	1270.6106	1229.7134	1157.9069	1216.7508	950.45605	1904.9112	1671.53515	2315.8138	1327.45495	2231.0447	1122.00365	1402.25585	735.03655
1gr	2484.367	1466.08385	2483.37215	1323.4657	2662.8884	1237.6919	2471.4044	1066.15415	2412.5605	1109.04105	2241.0129	1285.5629	2101.38915	1463.08945	1949.79765	1197.7994	1988.6953	1108.03635	1520.9385	917.5472	1575.79315	729.04775	703.12255	1349.40075	330.1129	882.6388	439.8222	694.13935	1399.26145	420.8708
8al	2014.6205	1654.5833	2040.55555	1523.9329	2163.22745	1481.046	2075.46395	1282.57835	2009.6364	1311.49795	1835.10425	1439.15395	1660.56225	1571.8039	1589.7506	1277.5844	1650.59405	1219.7452	1244.67555	958.43455	1339.4227	788.8865	400.92455	1174.85875	80.77985	665.21975	261.3008	550.52635	1184.8368	465.75725
8cr	254.31715	1704.45385	315.15075	1614.6908	167.5485	1493.01375	333.1073	1310.5031	364.02645	1364.35305	492.6773	1534.9058	608.3754	1723.3954	816.8211	1533.9011	804.8435	1439.15395	1237.6919	1335.43345	1213.7564	1144.9443	1941.81915	1845.07245	2374.6577	1507.9759	2276.926	1332.43905	1436.1694	915.5575
1el	476.7203	1443.1432	497.67125	1292.54655	390.95635	1262.6321	519.6072	1083.106	566.48335	1123.99335	702.11785	1309.4984	846.73555	1457.1105	1031.24575	1216.7508	987.364	1155.90735	1386.29885	1063.15975	1346.40635	870.67105	2040.55555	1548.86325	2450.4633	1157.9069	2354.71145	983.37475	1528.917	640.2894
4bl	2273.9316	1503.98665	2304.85075	1373.33625	2434.5063	1327.45495	2353.7166	1136.9658	2292.883	1162.891	2111.3672	1284.56805	1944.8037	1412.22405	1841.0832	1135.9611	1902.9215	1067.149	1529.91185	798.86455	1617.6852	639.29455	718.0847	981.3752	492.6773	522.6016	621.338	379.98345	1474.06235	361.03205
5dl	356.04795	1184.8368	364.02645	1261.6274	357.0428	1369.347	472.73105	1528.917	494.67685	1495.00345	597.4025	1315.4872	650.2576	1100.05785	830.77855	1271.60545	824.7996	1346.40635	1270.6106	1402.25585	1356.37455	1574.7983	1952.7822	800.85425	2362.68995	1092.07935	2332.7755	1307.5087	1608.702	1807.1795
9er	2364.6895	1828.1206	2377.6521	1691.4814	2435.50115	1632.6375	2304.85075	1472.07265	2253.98535	1515.9544	2136.29755	1689.4917	2018.60975	1878.986	1896.9327	1639.62115	1923.8626	1545.86885	1466.08385	1393.2825	1505.97635	1210.762	750.99355	1839.0935	366.01615	1450.12685	469.7465	1253.6489	1300.52505	935.50375
2cl	2271.93205	1298.53535	2232.03955	1435.1647	2336.76475	1534.9058	2158.24335	1687.49215	2110.3625	1636.62675	1991.67985	1441.1535	1860.0346	1245.6704	1651.5889	1451.1217	1674.52955	1533.9011	1243.6807	1620.66975	1263.62695	1808.17435	547.53195	1074.13265	174.53215	1383.30445	267.27975	1626.65855	999.33175	2057.5074
10br	2131.31345	1372.33155	2144.27605	1493.01375	2246.00685	1563.8254	2123.33495	1728.38935	2070.47	1684.49775	1925.86215	1545.86885	1822.1318	1376.3208	1665.5562	1598.7338	1644.60525	1628.64825	1269.6059	1768.28185	1318.4816	1950.7925	526.59085	1334.4386	180.5111	1735.36315	236.3606	1948.79295	1095.07375	2232.03955
3gr	2408.57125	1250.6545	2386.62545	1387.2937	2487.3614	1483.0357	2338.75445	1631.64265	2290.88345	1581.7721	2165.21715	1391.28295	2056.51255	1202.7835	1879.98085	1425.1965	1895.93785	1521.93335	1348.39605	1639.62115	1442.14835	1799.201	723.0688	1091.0845	338.0914	1423.19695	407.9082	1635.6319	1217.74565	2042.54525
5hl	1976.72755	2043.5401	2047.52935	1906.91075	2156.2438	1828.1206	2078.4485	1632.6375	2012.6308	1660.56225	1828.1206	1808.17435	1665.5562	1958.771	1585.76135	1682.50805	1626.65855	1598.7338	1219.7452	1326.4601	1318.4816	1157.9069	383.9727	1567.81465	156.5756	1072.1331	230.38165	901.5902	1154.9125	815.8164
