10AR	979.8583	708.55975	937.129	839.7322	801.9673	881.4765	869.54815	1080.2298	933.1496	1055.3881	1129.9132	938.114	1310.7789	814.8905	1356.49275	1094.138	1335.63045	1133.8926	1677.48455	1430.03285	1574.13835	1589.0414	2463.5638	1258.11095	2687.1588	1721.2087	2569.89455	1848.4116	1687.4232	1907.04865
3FL	1294.881	809.91625	1160.724	897.3744	1015.6335	881.4765	943.08825	1108.05605	1064.3319	1083.2045	1307.8042	1079.23495	1517.491	1055.3881	1452.8947	1319.7227	1343.5794	1356.49275	1506.5575	1761.95815	1313.76345	1875.243	2432.753	2047.17475	2368.1567	2550.01725	2160.4596	2615.6084	1326.68665	2268.78005
1HR	2472.5076	1032.52625	2445.6762	1143.83125	2452.6303	1270.0393	2293.62175	1384.319	2287.6625	1309.7939	2230.0203	1112.0256	2125.67925	886.4409	1895.1203	1044.4546	1884.1868	1151.7802	1439.9715	1145.82095	1416.12465	1327.6815	906.3182	499.8678	410.41995	723.4628	436.26635	934.14445	1129.9132	1519.4807
3DR	2277.72385	1178.6116	2223.0662	1356.49275	2312.5042	1459.8488	2150.52095	1582.0873	2110.7762	1529.4095	2012.38455	1332.6459	1930.8955	1140.8467	1753.01435	1335.63045	1765.9277	1375.3752	1324.69695	1394.25765	1322.70725	1574.13835	720.47825	812.9008	260.36505	1083.2045	330.9206	1299.85525	1007.68455	1800.7179
10CL	609.1831	1386.3087	667.8103	1255.13625	593.27535	1129.9132	780.11015	1022.5876	812.9008	1085.1942	876.50225	1299.85525	889.42545	1500.59825	1177.61675	1358.48245	1186.56055	1255.13625	1615.8728	1314.7583	1647.6686	1121.96425	2146.5514	2023.31805	2612.62385	1760.9633	2608.6543	1548.29195	1987.54285	933.1496
2BR	628.0557	1280.9728	603.214	1400.22675	521.72495	1498.60855	654.89695	1639.71965	700.6108	1592.02595	823.8343	1408.1757	894.38985	1228.30485	1030.53655	1426.0633	1050.41385	1502.5781	1437.9818	1597.9852	1411.1504	1777.85605	2107.79165	1087.1839	2537.1039	1429.038	2496.35445	1598.98005	1678.4794	2017.3588
7ER	2322.44285	1130.90805	2254.87185	1262.09035	2319.46815	1395.2525	2128.6638	1459.8488	2100.83755	1394.25765	2086.9195	1205.443	2063.07265	998.74075	1792.7591	1131.9029	1756.9839	1172.65235	1317.74285	1081.22465	1274.00885	1271.03415	894.38985	334.9	342.84895	473.0364	352.7876	707.5649	890.4203	1424.0736
9DL	2034.25155	1328.6665	1981.5836	1490.6596	2003.44075	1585.062	1834.5034	1681.46395	1822.57505	1616.86765	1793.75395	1388.2984	1785.805	1175.62705	1555.2559	1282.9625	1517.491	1380.34945	1043.45975	1230.2847	994.76135	1407.18085	628.0557	462.1029	173.90175	592.2805	105.3359	797.99775	667.8103	1504.5678
4CR	1071.286	493.8987	1189.5451	425.33285	1201.4636	337.8747	1407.18085	337.8747	1397.2422	378.62415	1325.6918	593.27535	1241.2182	793.0235	1518.48585	814.8905	1566.17955	759.238	1903.06925	1022.5876	2035.2464	891.41515	1919.97185	1880.21725	2434.7427	1968.6604	2495.3596	1774.8715	2416.8551	935.1393
1DR	1341.5897	626.07585	1254.1414	716.5087	1112.0256	678.7438	1060.3525	883.45635	1129.9132	897.3744	1367.42625	903.33365	1595.00065	895.3847	1509.54205	1183.576	1436.9968	1209.4224	1571.1538	1620.8372	1392.2778	1700.3464	2411.88085	1930.8955	2375.1108	2478.46685	2131.6385	2490.3952	1296.8707	2044.1902
8BL	1214.3868	598.2496	1306.80935	569.4285	1325.6918	431.2921	1528.4245	469.057	1515.5013	534.64815	1434.01225	742.34525	1344.57425	936.13415	1634.75525	976.87375	1694.3773	891.41515	2007.42015	1168.67295	2156.49005	1079.23495	2003.44075	2074.00615	2507.28795	2207.1683	2582.81775	2021.32835	2514.24205	1137.86215
1FL	2016.36395	1900.09455	2074.99115	1785.805	2176.3575	1769.9071	2168.40855	1568.16925	2099.8427	1573.1435	1931.89035	1652.64285	1726.18295	1714.2546	1710.28505	1448.9153	1788.78955	1397.2422	1525.43995	1014.63865	1670.53045	893.395	658.8665	950.04235	576.3826	436.26635	742.34525	388.5628	1650.65315	553.5306
3HR	2538.09875	1004.7	2522.191	1143.83125	2522.191	1277.98825	2393.00825	1338.60515	2320.463	1254.1414	2287.6625	1025.57215	2268.78005	805.9467	2049.1546	918.24655	2037.2361	1028.54685	1589.0414	911.2826	1531.3992	1088.17875	1168.67295	105.3359	691.65715	219.6156	678.7438	394.52205	1213.39195	1162.7137
4AL	566.44395	887.43575	577.37745	1025.57215	470.05185	1114.0153	604.20885	1274.00885	652.90725	1228.30485	776.13075	1050.41385	893.395	869.54815	1034.51595	1127.93335	1009.67425	1212.3971	1451.89985	1324.69695	1420.0942	1521.46055	2160.4596	866.5636	2544.058	1260.10065	2538.09875	1431.0277	1651.648	1788.78955
5GL	823.8343	493.8987	968.9248	468.06215	1030.53655	336.87985	1232.2744	429.3024	1198.4889	490.924	1045.44945	699.61595	892.40015	865.56875	1187.5554	987.80725	1278.9831	956.0016	1544.3224	1349.53865	1720.21385	1265.06505	1255.13625	2176.3575	1717.23915	2455.61485	1902.0744	2350.2691	2014.37425	1392.2778
9FR	2237.9791	1691.4026	2123.68955	1751.02465	2107.79165	1883.2018	1889.16105	1870.2786	1900.09455	1806.67715	1975.6145	1604.9393	2054.12885	1409.17055	1775.86635	1371.40565	1709.2902	1463.8282	1398.23705	1195.50435	1268.0496	1314.7583	1469.78745	329.92575	1002.7103	180.8657	879.4868	314.02785	994.76135	1204.44815
7HR	563.46925	685.6979	643.96345	579.36715	602.21915	443.22045	842.71675	364.7061	828.7987	442.2256	857.6198	671.7897	851.66055	870.543	1110.04575	793.0235	1146.80595	692.652	1537.3683	845.7013	1607.92385	674.7644	1878.22755	1642.7042	2393.00825	1574.13835	2386.0443	1331.65105	1924.93625	577.37745
9GR	445.21015	782.09985	525.70435	666.81545	476.0111	526.6992	678.7438	465.0776	698.6211	533.6533	725.4525	770.1715	736.386	996.75105	1012.64895	882.47135	1027.56185	775.1359	1455.87925	888.4306	1521.46055	705.5752	1844.44205	1707.3005	2379.0902	1571.1538	2344.30985	1371.40565	1878.22755	651.9124
5FL	1222.33575	719.4834	1346.56395	667.8103	1377.3649	532.65845	1574.13835	584.33155	1555.2559	648.92785	1456.86425	848.676	1271.03415	1015.6335	1615.8728	1094.138	1669.5356	1046.4443	1961.7063	1346.56395	2108.7865	1235.25895	1860.33995	2184.30645	2373.13095	2389.02885	2468.5282	2222.07135	2408.90615	1316.748
1GL	2216.1121	1869.28375	2125.67925	1957.7269	2149.5261	2094.86845	1914.9976	2156.49005	1903.06925	2083.93495	1913.0079	1863.3245	1999.4712	1620.8372	1744.07055	1680.4691	1698.3567	1762.953	1320.71755	1559.22545	1232.2744	1712.2649	1120.9694	741.3504	594.2702	736.386	549.5512	898.36925	861.5992	1711.27005
8AR	1545.31725	341.8541	1450.905	371.67005	1311.77375	348.8082	1286.93205	547.5615	1354.5129	554.52545	1581.09245	538.6177	1795.74365	509.7966	1749.03495	790.0488	1683.45365	821.8446	1860.33995	1198.4889	1700.3464	1290.91145	2739.82675	1442.95605	2641.44495	1970.6501	2466.5385	2031.267	1638.7248	1626.8063
1ER	1115.01015	335.89485	1038.4855	361.7314	924.2058	349.80305	939.10885	528.67905	1008.6794	530.66875	1239.2285	494.89355	1455.87925	447.19	1389.29325	716.5087	1300.8501	734.3963	1561.21515	1174.6322	1405.19115	1283.9475	2432.753	1334.6356	2438.7221	1860.33995	2257.84655	1931.89035	1404.1963	1579.10275
4BR	2320.463	1203.4533	2268.78005	1329.66135	2345.3047	1450.905	2169.4034	1554.26105	2136.61275	1493.6343	2062.0778	1275.0037	2005.43045	1062.3422	1760.9633	1219.36105	1757.97875	1293.88615	1336.6253	1279.97795	1313.76345	1466.8029	806.94155	586.32125	349.80305	795.0132	351.79275	1020.5979	976.87375	1665.5562
5DR	1307.8042	646.93815	1445.9406	658.8665	1538.3533	547.5615	1693.38245	688.68245	1646.6836	739.3607	1460.84365	877.4971	1275.0037	997.7459	1522.4554	1126.9385	1630.77585	1089.1736	1747.0551	1537.3683	1933.88005	1503.57295	1255.13625	2264.8105	1625.81145	2627.53675	1848.4116	2582.81775	2194.2451	1811.64155
7DR	1274.00885	428.30755	1173.6472	510.79145	1046.4443	474.0214	1000.73045	666.81545	1063.33705	680.7335	1276.9934	688.68245	1481.7158	682.71335	1406.186	953.0269	1306.80935	977.8686	1430.03285	1373.39535	1269.04445	1447.92045	2187.291	1674.5	2154.50035	2211.1477	1947.78825	2243.93835	1213.39195	1773.8865
2CR	869.54815	574.3929	997.7459	511.7863	1034.51595	374.64475	1230.2847	429.3024	1209.4224	493.8987	1101.0921	695.63655	985.81755	881.4765	1263.0852	933.1496	1336.6253	858.61465	1618.85735	1213.39195	1770.90195	1102.08695	1480.72095	2062.0778	1976.60935	2238.9641	2123.68955	2067.0422	2092.8886	1162.7137
10BL	567.4388	815.88535	528.67905	939.10885	396.51175	976.87375	468.06215	1163.70855	530.66875	1141.84155	722.46795	1033.5211	896.37955	919.23155	988.8021	1188.55025	946.0728	1244.20275	1278.9831	1505.56265	1181.59615	1654.63255	2113.7509	1352.5232	2246.9229	1793.75395	2157.47505	1962.70115	1273.02385	1954.7522
3ER	1256.12125	785.07455	1386.3087	777.1256	1454.8844	663.84075	1619.84235	773.15605	1584.06715	824.82915	1433.0174	975.8789	1278.9831	1110.04575	1521.46055	1219.36105	1589.0414	1192.5198	1760.9633	1586.05685	1929.90065	1531.3992	1416.12465	2315.48875	1817.61065	2639.45525	2008.415	2594.73625	2212.1327	1711.27005
3GL	2407.9113	1745.0654	2250.89245	1788.78955	2230.0203	1927.9208	2015.3691	1920.95685	2029.28715	1805.6823	2129.6488	1613.8831	2226.05075	1416.12465	1939.8393	1377.3649	1887.17135	1446.9256	1557.23575	1149.7905	1415.1298	1277.98825	1597.9852	234.5285	1070.29115	84.46375	924.2058	288.1913	1067.3066	1152.77505
7FL	1467.79775	345.82365	1385.31385	463.09775	1246.19245	434.27665	1237.24865	681.72835	1308.79905	667.8103	1537.3683	660.8562	1755.00405	639.98405	1651.648	893.395	1567.1744	912.27745	1760.9633	1298.8604	1595.00065	1391.28295	2590.7667	1608.9187	2535.1142	2115.7406	2378.09535	2165.43385	1595.00065	1766.92255
4ER	2133.6282	1483.69565	2088.9092	1622.8269	2173.3828	1740.09115	2000.46605	1871.27345	1962.70115	1812.6364	1875.243	1593.01095	1804.68745	1377.3649	1565.1847	1574.13835	1566.17955	1652.64285	1133.8926	1683.45365	1120.9694	1882.20695	554.52545	1025.57215	140.11625	1305.8145	153.03945	1559.22545	846.6863	2080.96025
1BR	544.5868	1071.286	637.99435	1010.65925	584.33155	894.38985	755.26845	776.13075	796.00805	865.56875	840.72705	1069.2963	850.6657	1262.09035	1100.1071	1119.97455	1092.1483	1044.4546	1566.17955	1134.88745	1629.781	945.07795	2092.8886	1821.5802	2504.3034	1645.68875	2534.11935	1466.8029	1936.8646	851.66055
8FR	561.47955	950.04235	649.9227	833.77295	602.21915	735.39115	788.0591	619.1119	808.93125	732.4066	846.6863	932.15475	836.7575	1144.8261	1106.06635	1024.5773	1118.98955	907.31305	1532.39405	1009.67425	1581.09245	828.7987	1975.6145	1769.9071	2489.40035	1611.8934	2450.6406	1362.46185	1961.7063	717.50355
5AL	927.19035	350.7979	875.5074	466.07245	732.4066	467.0673	719.4834	709.5546	817.87505	678.7438	1009.67425	620.10675	1204.44815	519.73525	1250.162	809.91625	1180.6013	884.4512	1458.85395	1233.26925	1298.8604	1327.6815	2328.41195	1325.6918	2423.8092	1846.43175	2251.8873	1970.6501	1323.7021	1719.22885
7AL	1503.57295	634.0248	1350.5335	676.7541	1267.05475	580.362	1090.16845	688.68245	1142.8364	730.4169	1314.7583	815.88535	1489.66475	954.02175	1253.14655	1086.18905	1181.59615	1047.4293	1044.4546	1486.6802	848.676	1450.905	1508.5472	2303.5604	1098.1174	2613.6187	880.48165	2568.8997	578.3723	1722.20355
2FL	1982.57845	1521.46055	2019.3485	1395.2525	2076.98085	1319.7227	2031.267	1158.7343	1990.5274	1214.3868	1870.2786	1337.62015	1715.24945	1479.7261	1616.86765	1223.3306	1631.7707	1145.82095	1272.029	941.09855	1343.5794	767.18695	511.7863	1263.0852	227.56455	868.5533	319.9871	667.8103	1170.66265	473.0364
10GR	687.6876	784.0797	672.78455	887.43575	541.60225	939.10885	626.07585	1127.93335	687.6876	1100.1071	872.5327	968.9248	1041.47005	833.77295	1116.99985	1103.0818	1116.005	1164.7034	1468.7926	1409.17055	1380.34945	1573.1435	2334.3712	1179.60645	2535.1142	1642.7042	2383.0696	1785.805	1526.4348	1898.10485
6ER	1048.42415	800.97245	1174.6322	773.15605	1225.3203	639.98405	1403.20145	732.4066	1375.3752	795.0132	1249.16715	980.85315	1109.0509	1125.94365	1341.5897	1204.44815	1397.2422	1115.01015	1631.7707	1511.5219	1789.7844	1458.85395	1403.20145	2387.03915	1854.3807	2601.7002	2027.29745	2514.24205	2083.93495	1665.5562
3BR	1931.89035	1607.92385	1978.59905	1497.6137	2054.12885	1442.95605	1984.5583	1259.1058	1923.9414	1288.92175	1751.02465	1411.1504	1607.92385	1554.26105	1526.4348	1289.9166	1567.1744	1213.39195	1206.43785	1001.71545	1329.66135	873.52755	402.471	1290.91145	211.66665	781.105	328.9309	616.1372	1146.80595	517.7554
10EL	2336.3609	1431.0277	2280.7084	1548.29195	2298.596	1665.5562	2215.11725	1796.7385	2145.55655	1701.34125	2063.07265	1515.5013	1950.7728	1317.74285	1775.86635	1541.33785	1769.9071	1634.75525	1270.0393	1683.45365	1277.98825	1875.243	635.01965	1099.11225	184.83525	1446.9256	211.66665	1629.781	1022.5876	2094.86845
2DR	2056.11855	1333.64075	1985.55315	1461.8385	2029.28715	1592.02595	1832.5137	1639.71965	1815.62095	1575.12335	1796.7385	1352.5232	1810.65655	1170.66265	1529.4095	1177.61675	1508.5472	1264.08005	1112.0256	1161.71885	1045.44945	1333.64075	772.1612	392.53235	290.181	505.82705	229.55425	705.5752	699.61595	1459.8488
7CR	1702.32625	2387.03915	1565.1847	2369.15155	1472.772	2472.5076	1318.7377	2327.4171	1366.4314	2279.71355	1552.27135	2167.4137	1738.10145	2057.10355	1511.5219	1857.3554	1439.9715	1872.2683	1320.71755	1454.8844	1134.88745	1478.73125	1818.6055	759.238	1478.73125	367.69065	1281.96765	385.57825	876.50225	1267.05475
7BR	1326.68665	254.4058	1221.3409	330.9206	1081.22465	332.9103	1032.52625	485.94975	1097.12255	501.84765	1321.7124	516.76055	1535.3786	517.7554	1423.07875	748.3045	1351.52835	766.1921	1507.55235	1215.38165	1338.60515	1285.9372	2298.596	1544.3224	2233.00485	2038.23095	2025.30775	2081.9551	1270.0393	1596.99035
10DL	2138.5926	1117.9947	2133.6282	1259.1058	2185.3013	1325.6918	2036.24125	1465.80805	1968.6604	1404.1963	1928.91565	1221.3409	1847.41675	1016.62835	1642.7042	1207.4327	1637.7398	1297.86555	1188.55025	1337.62015	1196.4992	1528.4245	542.5971	729.42205	117.26425	1034.51595	161.98325	1265.06505	909.30275	1769.9071
3CR	1484.6905	440.2359	1612.88825	396.51175	1639.71965	302.0995	1831.51885	302.0995	1795.74365	360.73655	1684.43865	552.53575	1566.17955	729.42205	1833.50855	767.18695	1882.20695	727.4422	2169.4034	1108.05605	2323.4377	1006.6897	2018.35365	1933.88005	2531.1348	2141.57715	2609.64915	1984.5583	2663.31195	1111.03075
6DR	1274.00885	433.2818	1394.25765	418.37875	1415.1298	367.69065	1639.71965	338.86955	1601.95475	422.3483	1474.75185	573.39805	1362.46185	818.8699	1652.64285	840.72705	1720.21385	781.105	1983.5733	1202.45845	2140.5823	1096.1277	1811.64155	2063.07265	2278.7187	2233.00485	2428.78345	2018.35365	2458.58955	1149.7905
6FL	1116.005	353.78245	1047.4293	458.1235	912.27745	468.06215	932.15475	666.81545	996.75105	657.87165	1206.43785	589.3058	1402.2066	511.7863	1376.37005	772.1612	1343.5794	850.6657	1618.85735	1180.6013	1487.67505	1307.8042	2450.6406	1197.49405	2558.96105	1705.3108	2389.02885	1805.6823	1525.43995	1608.9187
4HR	924.2058	1078.2401	1018.61805	995.7562	1013.6438	911.2826	1201.4636	875.5074	1209.4224	938.114	1198.4889	1153.7699	1148.79565	1333.64075	1388.2984	1267.05475	1417.1195	1171.6575	1842.45235	1352.5232	1926.92595	1194.5095	2066.04735	2125.67925	2526.1704	2082.94995	2597.7208	1852.391	2227.0456	1108.05605
3AL	2249.8976	1756.9839	2120.705	1800.7179	2080.96025	1919.97185	1878.22755	1915.99245	1919.97185	1853.38585	1991.52225	1636.74495	2100.83755	1474.75185	1794.7488	1411.1504	1739.0963	1486.6802	1412.14525	1181.59615	1271.03415	1309.7939	1463.8282	352.7876	915.262	225.5847	786.0694	379.619	920.2264	1292.8913
10FR	1455.87925	392.53235	1347.54895	481.9802	1275.99855	497.8781	1173.6472	697.62625	1229.28985	692.652	1431.0277	712.5293	1635.7501	702.59065	1555.2559	964.9454	1476.74155	995.7562	1553.2662	1446.9256	1371.40565	1508.5472	2321.448	1850.4013	2166.41885	2356.2382	1964.69085	2389.02885	1254.1414	1839.4678
2GL	1247.17745	2260.8311	1130.90805	2230.0203	1042.4649	2331.38665	872.5327	2215.11725	914.26715	2159.46475	1084.19935	2043.19535	1260.10065	1955.74705	996.75105	1810.65655	932.15475	1780.8406	765.19725	1392.2778	582.3517	1448.9153	1179.60645	625.081	806.94155	269.30885	599.24445	338.86955	314.02785	1194.5095
4FL	2216.1121	2002.4459	2320.463	1883.2018	2459.5844	1835.49825	2382.07475	1640.7145	2316.4836	1667.5459	2160.4596	1804.68745	1972.6398	1930.8955	1865.3142	1630.77585	1929.90065	1551.2765	1524.4451	1295.87585	1624.8166	1131.9029	655.88195	1501.58325	448.18485	1042.4649	602.21915	916.25685	1478.73125	824.82915
1AL	1531.3992	275.2681	1409.17055	323.9665	1286.93205	323.9665	1176.6219	467.0673	1242.21305	484.9549	1473.76685	515.7657	1681.46395	526.6992	1520.4657	762.22255	1414.13495	787.06425	1517.491	1291.9063	1323.7021	1317.74285	2224.06105	1689.4129	2069.0319	2221.0765	1876.23785	2189.2807	1198.4889	1612.88825
6HR	349.80305	856.62495	455.13895	763.2174	410.41995	628.0557	604.20885	564.45425	624.08615	631.04025	641.97375	839.7322	630.0454	1081.22465	881.4765	960.97585	873.52755	847.68115	1351.52835	976.87375	1412.14525	798.9926	1738.10145	1766.92255	2266.79035	1613.8831	2281.70325	1402.2066	1752.0195	687.6876
8EL	1275.0037	752.2839	1412.14525	726.44735	1441.9612	587.3161	1643.69905	641.97375	1625.81145	707.5649	1526.4348	913.2723	1408.1757	1081.22465	1692.39745	1116.005	1755.00405	1043.45975	2080.96025	1414.13495	2230.0203	1300.8501	1985.55315	2277.72385	2474.4973	2431.75815	2547.04255	2268.78005	2588.777	1376.37005
4DR	2379.0902	1358.48245	2285.6728	1442.95605	2304.55525	1568.16925	2110.7762	1589.0414	2104.8071	1527.42965	2125.67925	1324.69695	2158.4699	1131.9029	1904.0641	1185.5657	1891.15075	1291.9063	1525.43995	1115.01015	1386.3087	1243.2079	1283.9475	297.1351	733.40145	331.91545	704.58035	531.6636	1055.3881	1227.31
5BR	1858.35025	1995.4918	1721.2087	2017.3588	1684.43865	2101.8324	1481.7158	2023.31805	1513.5116	1965.67585	1665.5562	1816.6158	1817.61065	1660.5918	1554.26105	1573.1435	1479.7261	1656.6124	1286.93205	1212.3971	1120.9694	1284.94235	1562.21	431.2921	1142.8364	135.15185	980.85315	221.6053	793.0235	1116.99985
9CL	751.28905	1108.05605	738.36585	1251.15685	614.1475	1326.68665	726.44735	1509.54205	784.0797	1468.7926	952.03205	1301.8351	1103.0818	1131.9029	1252.1517	1398.23705	1221.3409	1468.7926	1610.89855	1663.57635	1546.3121	1849.40645	2414.8654	1278.9831	2708.03095	1740.09115	2642.4398	1902.0744	1746.06025	2154.50035
9BR	1190.53995	2001.4609	1321.7124	2026.3026	1380.34945	2151.5158	1559.22545	2063.07265	1528.4245	2003.44075	1389.29325	1828.54415	1247.17745	1669.5356	1507.55235	1553.2662	1583.08215	1603.94445	1794.7488	1232.2744	1960.71145	1311.77375	1517.491	434.27665	1941.829	188.81465	2139.58745	257.3805	2268.78005	1161.71885
4EL	1586.05685	395.5169	1467.79775	479.9905	1332.6459	432.28695	1256.12125	632.0351	1322.70725	650.91755	1557.23575	672.78455	1782.8303	679.73865	1662.5815	959.981	1587.0517	980.85315	1668.54075	1397.2422	1481.7158	1463.8282	2459.5844	1761.95815	2299.59085	2273.7543	2064.0675	2319.46815	1355.50775	1755.00405
1BL	2306.54495	1197.49405	2269.7749	1328.6665	2363.1923	1436.00195	2196.2348	1562.21	2154.50035	1507.55235	2052.13915	1303.8248	2003.44075	1104.07665	1794.7488	1287.9269	1798.7282	1369.41595	1310.7789	1414.13495	1310.7789	1599.9749	682.71335	810.9111	266.3243	1089.1736	308.0686	1295.87585	997.7459	1817.61065
8FL	1539.34815	240.48775	1414.13495	240.48775	1295.87585	264.3346	1191.5348	338.86955	1253.14655	369.68035	1446.9256	406.4504	1678.4794	493.8987	1538.3533	728.4272	1448.9153	731.41175	1502.5781	1241.2182	1288.92175	1248.1723	2182.3266	1713.25975	1960.71145	2178.3472	1761.95815	2152.51065	1150.78535	1513.5116
2HL	2311.50935	1467.79775	2233.00485	1556.2409	2232.01	1668.54075	2028.2923	1714.2546	2016.36395	1645.68875	2017.3588	1428.053	2077.9757	1239.2285	1775.86635	1291.9063	1771.8968	1368.4211	1352.5232	1223.3306	1244.20275	1381.3443	1045.44945	385.57825	540.6074	388.5628	490.924	646.93815	927.19035	1465.80805
5AR	2190.27555	1855.37555	2245.92805	1703.3211	2364.18715	1677.48455	2314.4939	1476.74155	2248.90275	1491.65445	2042.2005	1579.10275	1852.391	1675.49485	1808.66685	1380.34945	1875.243	1308.79905	1573.1435	996.75105	1689.4129	855.6301	714.519	1049.419	541.60225	528.67905	714.519	425.33285	1595.00065	542.5971
7AR	2200.2142	1837.48795	2177.35235	1660.5918	2271.7646	1588.04655	2165.43385	1418.11435	2107.79165	1455.87925	1998.47635	1611.8934	1864.31935	1802.69775	1754.0092	1545.31725	1754.0092	1466.8029	1313.76345	1278.9831	1382.33915	1105.0715	566.44395	1654.63255	205.7074	1216.3765	305.08405	1052.40355	1165.6884	815.88535
2FR	1862.32965	356.75715	1750.0298	425.33285	1621.83205	374.64475	1551.2765	555.51045	1614.87795	576.3826	1835.49825	608.18825	2048.15975	627.0707	1936.8646	879.4868	1866.2992	895.3847	1946.80325	1284.94235	1771.8968	1336.6253	2696.1026	1656.6124	2547.04255	2136.61275	2375.1108	2141.57715	1653.6377	1653.6377
10GL	738.36585	1463.8282	842.71675	1371.40565	784.0797	1242.21305	972.9042	1173.6472	998.74075	1237.24865	1042.4649	1457.8591	1071.286	1670.53045	1336.6253	1560.2203	1338.60515	1462.83335	1758.9736	1545.31725	1807.672	1370.4108	2197.22965	2294.6166	2699.08715	2201.20905	2696.1026	1969.65525	2179.34205	1269.04445
6GR	1840.46265	1798.7282	1942.82385	1669.5356	2038.23095	1683.45365	2034.25155	1464.82305	1962.70115	1470.7823	1760.9633	1532.39405	1553.2662	1582.0873	1576.1182	1295.87585	1648.66345	1261.0955	1362.46185	883.45635	1515.5013	753.27875	464.0926	810.9111	430.29725	300.11965	637.99435	191.78935	1513.5116	393.5272
6EL	523.71465	707.5649	602.21915	659.86135	548.55635	523.71465	740.35555	457.12865	763.2174	524.7095	798.9926	756.25345	773.15605	967.92995	1047.4293	836.7575	1048.42415	739.3607	1550.28165	874.51255	1604.9393	693.64685	1958.72175	1669.5356	2445.6762	1545.31725	2430.7633	1327.6815	1940.83415	547.5615
3BL	1972.6398	1108.05605	1936.8646	1259.1058	2003.44075	1358.48245	1862.32965	1497.6137	1819.60035	1446.9256	1723.1984	1253.14655	1625.81145	1062.3422	1469.78745	1263.0852	1497.6137	1343.5794	1082.2195	1422.0839	1099.11225	1607.92385	450.17455	875.5074	78.5045	1207.4327	113.28485	1432.02255	861.5992	1830.524
10ER	593.27535	1200.4786	639.98405	1068.30145	553.5306	951.0372	732.4066	833.77295	770.1715	892.40015	860.60435	1107.0612	933.1496	1317.74285	1150.78535	1126.9385	1183.576	1060.3525	1643.69905	1041.47005	1657.60725	850.6657	2241.94865	1699.35155	2681.19955	1457.8591	2657.34285	1238.23365	1952.7625	649.9227
2DL	1842.45235	1968.6604	1962.70115	1884.1868	2054.12885	1878.22755	2050.14945	1678.4794	1981.5836	1680.4691	1755.9989	1727.1778	1576.1182	1806.67715	1594.0058	1536.37345	1664.5712	1478.73125	1392.2778	1116.005	1540.343	1002.7103	524.7095	1009.67425	533.6533	520.7301	729.42205	413.4045	1562.21	643.96345
7CL	922.2161	735.39115	1054.39325	723.4628	1108.05605	592.2805	1292.8913	685.6979	1263.0852	747.30965	1125.94365	912.27745	974.88405	1062.3422	1259.1058	1126.9385	1321.7124	1137.86215	1546.3121	1498.60855	1704.31595	1466.8029	1299.85525	2375.1108	1774.8715	2618.59295	1939.8393	2526.1704	2065.06235	1621.83205
7BL	1987.54285	1710.28505	1854.3807	1776.8612	1794.7488	1883.2018	1608.9187	1921.9517	1605.93415	1854.3807	1648.66345	1640.7145	1723.1984	1441.9612	1461.8385	1490.6596	1447.92045	1568.16925	1054.39325	1307.8042	952.03205	1460.84365	888.4306	468.06215	391.5375	472.04155	292.16085	644.9583	605.2037	1495.624
10DR	2286.66765	1219.36105	2205.1786	1308.79905	2247.9079	1424.0736	2080.96025	1536.37345	2045.18505	1478.73125	2004.4356	1278.9831	1967.66555	1072.28085	1707.3005	1230.2847	1731.14735	1328.6665	1230.2847	1343.5794	1217.37135	1529.4095	672.78455	688.68245	208.69195	916.25685	238.49805	1116.99985	947.0578	1698.3567
3CL	1784.81015	483.96005	1675.49485	553.5306	1547.2971	499.8678	1483.69565	686.69275	1546.3121	708.55975	1742.08085	735.39115	1988.5377	730.4169	1856.3704	949.0475	1762.953	997.7459	1871.27345	1444.94575	1700.3464	1497.6137	2645.42435	1865.3142	2477.472	2320.463	2336.3609	2347.2944	1615.8728	1781.83545
6DL	2095.8633	2100.83755	1956.73205	2088.9092	1892.1456	2214.1224	1714.2546	2112.75605	1749.03495	2054.12885	1898.10485	1882.20695	2051.1443	1727.1778	1812.6364	1649.6583	1742.08085	1673.515	1519.4807	1250.162	1346.56395	1321.7124	1841.4575	446.19515	1421.08905	145.0905	1258.11095	260.36505	1058.3628	1103.0818
6FR	547.5615	901.34395	627.0707	797.0029	587.3161	664.82575	775.1359	615.14235	791.04365	679.73865	804.95185	900.35895	804.95185	1112.0256	1061.34735	997.7459	1083.2045	886.4409	1481.7158	1068.30145	1549.2868	900.35895	1800.7179	1844.44205	2331.38665	1740.09115	2349.27425	1566.17955	1878.22755	830.7884
4HL	2160.4596	1506.5575	2048.15975	1573.1435	2038.23095	1702.32625	1846.43175	1678.4794	1855.37555	1615.8728	1920.95685	1417.1195	1995.4918	1232.2744	1741.086	1232.2744	1699.35155	1325.6918	1373.39535	1024.5773	1251.15685	1145.82095	1344.57425	206.70225	843.7116	132.1673	742.34525	270.3037	932.15475	1085.1942
3AR	1269.04445	967.92995	1355.50775	955.0166	1406.186	845.7013	1539.34815	879.4868	1525.43995	947.0578	1438.97665	1158.7343	1365.43655	1352.5232	1640.7145	1371.40565	1718.234	1270.0393	2024.3129	1592.02595	2165.43385	1466.8029	1982.57845	2454.62	2502.32355	2642.4398	2654.36815	2514.24205	2517.2266	1556.2409
2GR	1943.8187	1548.29195	1876.23785	1674.5	1844.44205	1749.03495	1659.59695	1836.4931	1669.5356	1793.75395	1671.5253	1539.34815	1700.3464	1367.42625	1408.1757	1399.2319	1379.3546	1500.59825	953.0269	1324.69695	876.50225	1493.6343	642.9686	511.7863	170.92705	536.63785	135.15185	720.47825	524.7095	1546.3121
9AL	1306.80935	2386.0443	1435.0071	2333.37635	1535.3786	2348.2794	1632.76555	2183.32145	1574.13835	2149.5261	1362.46185	2072.01645	1170.66265	2062.0778	1316.748	1803.6926	1433.0174	1834.5034	1375.3752	1398.23705	1555.2559	1381.3443	702.59065	867.55845	909.30275	427.32255	1135.8823	458.1235	1744.07055	1108.05605
4FR	2117.7303	1627.80115	2058.0984	1712.2649	2098.84785	1847.41675	1896.11515	1896.11515	1881.2121	1830.524	1884.1868	1622.8269	1918.977	1449.91015	1635.7501	1497.6137	1603.94445	1592.02595	1156.7446	1426.0633	1081.22465	1595.9955	831.78325	625.081	337.8747	688.68245	289.18615	887.43575	745.3298	1672.52015
1AR	593.27535	1203.4533	644.9583	1080.2298	569.4285	964.9454	746.3148	860.60435	779.1153	918.24655	853.65025	1125.94365	911.2826	1328.6665	1115.01015	1145.82095	1151.7802	1047.4293	1626.8063	1064.3319	1650.65315	883.45635	2161.45445	1713.25975	2606.6646	1538.3533	2558.96105	1271.03415	1918.977	696.6314
6HL	1105.0715	2058.0984	1218.3662	2132.63335	1249.16715	2240.9538	1472.772	2223.0662	1422.0839	2145.55655	1302.82995	1939.8393	1207.4327	1746.06025	1479.7261	1725.1881	1547.2971	1795.74365	1870.2786	1510.5369	2012.38455	1631.7707	1827.5493	654.89695	2379.0902	509.7966	2532.12965	638.9892	2358.21805	1511.5219
8GL	2083.93495	1969.65525	2133.6282	1836.4931	2243.93835	1787.7947	2220.0915	1579.10275	2149.5261	1586.05685	1939.8393	1662.5815	1742.08085	1755.9989	1759.96845	1492.63945	1830.524	1433.0174	1505.56265	1031.5314	1649.6583	905.32335	590.30065	986.8124	510.79145	483.96005	731.41175	415.3942	1627.80115	581.35685
8ER	1839.4678	2456.6097	1939.8393	2376.10565	2060.0881	2390.0237	2147.54625	2200.2142	2065.06235	2179.34205	1836.4931	2155.4952	1617.8625	2181.33175	1746.06025	1905.05895	1860.33995	1919.97185	1723.1984	1441.9612	1903.06925	1379.3546	942.0934	1078.2401	1026.567	530.66875	1251.15685	518.7404	1985.55315	1064.3319
4DL	2321.448	1441.9612	2271.7646	1560.2203	2342.32015	1669.5356	2175.36265	1767.9174	2144.5617	1713.25975	2076.98085	1513.5116	2029.28715	1322.70725	1833.50855	1467.79775	1842.45235	1555.2559	1429.038	1556.2409	1359.4773	1712.2649	891.41515	912.27745	385.57825	1133.8926	399.4963	1325.6918	1073.2757	1892.1456
5BL	491.909	902.3388	535.643	1050.41385	429.3024	1131.9029	558.495	1289.9166	607.1934	1247.17745	743.3401	1076.2504	861.5992	904.3285	1007.68455	1135.8823	960.97585	1213.39195	1420.0942	1327.6815	1383.32415	1505.56265	2121.69985	893.395	2531.1348	1330.6562	2492.3849	1475.7467	1624.8166	1784.81015
9CR	1981.5836	1302.82995	1866.2992	1408.1757	1896.11515	1549.2868	1688.41805	1590.03625	1678.4794	1521.46055	1685.4335	1286.93205	1706.30565	1063.33705	1450.905	1162.7137	1424.0736	1213.39195	975.8789	1035.5108	886.4409	1207.4327	735.39115	182.84555	170.92705	239.4929	111.29515	422.3483	545.58165	1251.15685
7GR	995.7562	450.17455	1102.08695	370.6752	1072.28085	252.4161	1307.8042	203.7177	1280.9728	341.8541	1229.28985	516.76055	1166.68325	718.4984	1445.9406	707.5649	1491.65445	620.10675	1818.6055	876.50225	1933.88005	734.3963	1896.11515	1698.3567	2459.5844	1740.09115	2543.06315	1550.28165	2283.69295	708.55975
10AL	635.01965	978.86345	720.47825	865.56875	676.7541	729.42205	880.48165	666.81545	898.36925	733.40145	914.26715	962.96555	916.25685	1183.576	1185.5657	1064.3319	1125.94365	997.7459	1596.99035	1134.88745	1670.53045	956.0016	1948.7831	1925.9311	2451.63545	1779.84575	2480.45655	1536.37345	2056.11855	842.71675
3FR	1275.0037	446.19515	1161.71885	516.76055	1030.53655	456.1338	963.9604	650.91755	1028.54685	675.75925	1249.16715	703.5855	1465.80805	732.4066	1350.5335	955.0166	1258.11095	932.15475	1366.4314	1433.0174	1189.5451	1483.69565	2137.6076	1874.258	1984.5583	2358.21805	1755.9989	2374.1258	1058.3628	1829.52915
1HL	2420.82465	1509.54205	2415.86025	1374.38035	2496.35445	1293.88615	2397.97265	1129.9132	2345.3047	1171.6575	2199.21935	1339.6	2085.92465	1511.5219	1907.04865	1270.0393	1934.8749	1186.56055	1488.6699	1055.3881	1546.3121	866.5636	742.34525	1456.86425	370.6752	1058.3628	475.01625	872.5327	1356.49275	580.362
3DL	1210.4074	2009.40985	1116.005	1913.0079	977.8686	1933.88005	954.02175	1735.12675	1021.59275	1729.15765	1247.17745	1748.0401	1460.84365	1778.8509	1416.12465	1496.61885	1350.5335	1463.8282	1529.4095	1088.17875	1370.4108	993.7665	2361.2026	878.49195	2353.25365	378.62415	2152.51065	300.11965	1362.46185	645.95315
10CR	1947.78825	1872.2683	1969.65525	1760.9633	2110.7762	1728.17265	2053.134	1524.4451	1986.548	1544.3224	1779.84575	1647.6686	1588.04655	1758.9736	1543.32755	1467.79775	1592.02595	1405.19115	1274.00885	1104.07665	1387.30355	952.03205	399.4963	1212.3971	172.9069	713.52415	348.8082	574.3929	1248.1723	631.04025
2BL	775.1359	1270.0393	804.95185	1140.8467	714.519	1034.51595	866.5636	910.28775	907.31305	963.9604	1010.65925	1163.70855	1098.1174	1359.4773	1273.02385	1164.7034	1292.8913	1076.2504	1704.31595	1047.4293	1698.3567	864.5739	2316.4836	1636.74495	2719.9593	1389.29325	2683.18925	1153.7699	1999.4712	667.8103
7EL	2299.59085	1592.02595	2280.7084	1456.86425	2408.90615	1385.31385	2285.6728	1214.3868	2226.05075	1252.1517	2057.10355	1409.17055	1905.05895	1568.16925	1784.81015	1317.74285	1825.5596	1227.31	1347.54895	1046.4443	1410.1654	872.5327	524.7095	1406.186	286.2016	1019.60305	327.93605	832.7781	1222.33575	583.3367
4CL	1340.59485	533.6533	1479.7261	511.7863	1547.2971	383.58855	1731.14735	481.9802	1695.37215	541.60225	1542.3327	718.4984	1385.31385	877.4971	1653.6377	1006.6897	1738.10145	965.94025	1937.85945	1287.9269	2108.7865	1292.8913	1602.9496	2184.30645	2029.28715	2499.339	2211.1477	2297.60115	2437.72725	1394.25765
8BR	1016.62835	552.53575	1146.80595	525.70435	1197.49405	398.50145	1382.33915	483.96005	1355.50775	543.59195	1228.30485	720.47825	1099.11225	876.50225	1350.5335	947.0578	1422.0839	872.5327	1655.6274	1295.87585	1816.6158	1213.39195	1431.0277	2094.86845	1894.12545	2344.30985	2064.0675	2207.1683	2136.61275	1299.85525
1FR	2046.1799	2075.986	2085.92465	1955.74705	2224.06105	1931.89035	2184.30645	1729.15765	2118.72515	1744.07055	1912.01305	1834.5034	1737.11645	1980.58875	1714.2546	1710.28505	1752.0195	1638.7248	1468.7926	1325.6918	1590.03625	1182.591	620.10675	1385.31385	439.24105	850.6657	612.1578	697.62625	1493.6343	819.8549
3HL	2014.37425	2004.4356	2119.72	1922.94655	2259.83625	1967.66555	2303.5604	1767.9174	2234.99455	1749.03495	2003.44075	1729.15765	1782.8303	1763.94785	1863.3245	1515.5013	1965.67585	1490.6596	1787.7947	1008.6794	1958.72175	939.10885	962.96555	648.92785	1056.3731	147.07035	1280.9728	154.0343	2021.32835	595.26505
5GR	1388.2984	426.3277	1264.08005	498.87295	1144.8261	425.33285	1059.35765	624.08615	1131.9029	661.85105	1341.5897	697.62625	1542.3327	719.4834	1421.08905	1036.50565	1345.5691	1040.4752	1407.18085	1507.55235	1209.4224	1557.23575	2226.05075	1875.243	2050.14945	2461.5741	1858.35025	2448.6509	1094.138	1833.50855
9FL	2119.72	996.75105	2085.92465	1139.85185	2167.4137	1225.3203	2023.31805	1366.4314	1978.59905	1305.8145	1880.21725	1140.8467	1808.66685	966.9351	1605.93415	1155.74975	1601.95475	1242.21305	1173.6472	1308.79905	1193.51465	1492.63945	515.7657	777.1256	93.40755	1061.34735	197.75845	1277.98825	915.262	1719.22885
7HL	2061.08295	821.8446	2067.0422	956.99645	2185.3013	1030.53655	2070.02675	1200.4786	2015.3691	1160.724	1860.33995	999.7356	1722.20355	836.7575	1568.16925	1084.19935	1617.8625	1137.86215	1236.2538	1312.7686	1291.9063	1489.66475	478.99565	933.1496	126.20805	1353.51805	257.3805	1513.5116	1072.28085	1760.9633
9GL	824.82915	471.0467	758.24315	631.04025	613.15265	645.95315	648.92785	851.66055	718.4984	840.72705	920.2264	771.16635	1124.9488	683.7082	1099.11225	962.96555	1057.36795	1010.65925	1445.9406	1335.63045	1314.7583	1472.772	2324.43255	1319.7227	2438.7221	1810.65655	2227.0456	1920.95685	1302.82995	1791.7741
5FR	536.63785	787.06425	646.93815	675.75925	614.1475	541.60225	808.93125	502.8425	820.84975	568.43365	822.83945	790.0488	810.9111	1001.71545	1086.18905	934.14445	1117.9947	865.56875	1565.1847	1032.52625	1620.8372	855.6301	1824.56475	1812.6364	2368.1567	1731.14735	2405.9216	1544.3224	1925.9311	806.94155
1GR	509.7966	2066.04735	637.99435	2090.8989	694.6417	2215.11725	878.49195	2127.66895	847.68115	2069.0319	714.519	1895.1203	576.3826	1744.07055	839.7322	1674.5	929.1702	1764.9427	1131.9029	1404.1963	1277.98825	1399.2319	852.6554	526.6992	1279.97795	239.4929	1461.8385	385.57825	1574.13835	1289.9166
8AL	2325.4274	1681.46395	2204.18375	1746.06025	2182.3266	1883.2018	1980.58875	1854.3807	1995.4918	1788.78955	2084.9298	1592.02595	2194.2451	1403.20145	1906.0538	1399.2319	1819.60035	1421.08905	1506.5575	1154.76475	1366.4314	1281.96765	1562.21	326.95105	1049.419	224.58985	931.1599	343.8438	1060.3525	1248.1723
4BL	2215.11725	1408.1757	2207.1683	1290.91145	2297.60115	1234.2641	2179.34205	1074.2607	2124.6844	1116.99985	2010.4047	1287.9269	1882.20695	1448.9153	1721.2087	1219.36105	1725.1881	1133.8926	1324.69695	986.8124	1378.35975	808.93125	566.44395	1409.17055	239.4929	1034.51595	322.97165	826.81885	1135.8823	535.643
9ER	2246.9229	2201.20905	2110.7762	2218.1018	2050.14945	2346.29955	1864.31935	2239.95895	1897.11	2179.34205	2042.2005	2004.4356	2190.27555	1846.43175	1923.9414	1736.1216	1837.48795	1772.89165	1614.87795	1386.3087	1442.95605	1458.85395	1907.04865	562.4744	1443.9509	255.3908	1282.9625	338.86955	1120.9694	1188.55025
7DL	2397.97265	1480.72095	2330.3918	1543.32755	2334.3712	1674.5	2123.68955	1686.42835	2119.72	1611.8934	2167.4137	1406.186	2225.0559	1214.3868	1955.74705	1239.2285	1915.99245	1272.029	1548.29195	1013.6438	1434.01225	1145.82095	1438.97665	236.5182	920.2264	126.20805	830.7884	260.36505	1076.2504	1125.94365
2CL	1866.2992	2133.6282	1957.7269	2068.03705	2085.92465	2125.67925	2166.41885	1939.8393	2102.8174	1914.9976	1880.21725	1871.27345	1664.5712	1842.45235	1790.77925	1582.0873	1863.3245	1569.1641	1801.71275	1155.74975	1982.57845	1108.05605	1060.3525	724.45765	1235.25895	230.5491	1441.9612	224.58985	2119.72	760.23285
10BR	496.88325	1829.52915	502.8425	1694.3773	390.5525	1606.929	523.71465	1450.905	576.3826	1495.624	719.4834	1673.515	845.7013	1850.4013	1027.56185	1619.84235	1005.69485	1549.2868	1414.13495	1416.12465	1374.38035	1234.2641	2155.4952	1875.243	2450.6406	1512.51675	2377.1005	1334.6356	1567.1744	1009.67425
3EL	1021.59275	490.924	961.9707	611.16295	828.7987	635.01965	862.59405	830.7884	926.1955	815.88535	1114.0153	726.44735	1301.8351	630.0454	1339.6	910.28775	1261.0955	970.9145	1578.1079	1275.99855	1457.8591	1415.1298	2402.93705	1210.4074	2597.7208	1661.58665	2422.81435	1799.72305	1507.55235	1711.27005
6BL	2544.058	1861.3348	2431.75815	1867.29405	2325.4274	1975.6145	2172.38795	1926.92595	2212.1327	1873.26315	2341.3253	1712.2649	2448.6509	1542.3327	2201.20905	1463.8282	2137.6076	1546.3121	1866.2992	1129.9132	1713.25975	1219.36105	2076.98085	371.67005	1626.8063	102.35135	1504.5678	221.6053	1433.0174	1088.17875
3GR	1787.7947	282.2222	1726.18295	319.9871	1589.0414	291.17585	1505.56265	515.7657	1567.1744	537.62285	1782.8303	568.43365	1990.5274	583.3367	1864.31935	849.67085	1786.79985	851.66055	1865.3142	1288.92175	1694.3773	1352.5232	2659.33255	1698.3567	2499.339	2245.92805	2283.69295	2228.04045	1612.88825	1666.55105
2AR	723.4628	1417.1195	740.35555	1288.92175	637.99435	1197.49405	779.1153	1059.35765	826.81885	1105.0715	952.03205	1283.9475	1059.35765	1461.8385	1253.14655	1256.12125	1223.3306	1164.7034	1658.6021	1070.29115	1634.75525	894.38985	2340.33045	1559.22545	2782.5659	1210.4074	2734.86235	975.8789	1889.16105	614.1475
7FR	2061.08295	1320.71755	2006.4253	1451.89985	2098.84785	1558.2306	1937.85945	1684.43865	1897.11	1630.77585	1793.75395	1429.038	1720.21385	1248.1723	1544.3224	1417.1195	1567.1744	1500.59825	1110.04575	1535.3786	1112.0256	1720.21385	488.9343	938.114	128.1879	1207.4327	153.03945	1404.1963	825.824	1924.93625
