9HL	2.42114	2.61739	2.26170	2.65786	2.22735	2.80504	2.02130	2.71305	2.06300	2.63701	2.15499	2.45549	2.30217	2.23103	1.97101	2.15376	1.91091	2.20528	1.55399	1.77109	1.37124	1.89619	1.71589	0.78619	1.14679	0.52617	0.97753	0.68071	0.98244	1.76741
7GL	2.47266	1.51352	2.34878	1.39700	2.35982	1.27435	2.14763	1.21548	2.15376	1.31850	2.17461	1.56013	2.23349	1.81402	1.88270	1.75146	1.84223	1.65947	1.35407	1.92318	1.22897	1.71467	1.15783	2.87250	0.47711	2.87250	0.42805	2.62107	0.84629	1.67542
10AR	1.93422	2.77806	1.75269	2.76825	1.64353	2.90194	1.44238	2.73513	1.52088	2.67013	1.74656	2.53030	1.99677	2.37454	1.68646	2.14518	1.58956	2.15376	1.41417	1.57239	1.17745	1.60428	2.11574	0.66845	1.67051	0.20728	1.43012	0.27964	0.89045	1.36143
3FL	2.69711	2.76212	2.54625	2.83571	2.50209	2.97553	2.24207	2.93996	2.27641	2.84429	2.39539	2.61003	2.54625	2.35982	2.15622	2.26170	2.07159	2.32425	1.67297	1.85572	1.43380	2.00781	1.81034	0.71383	1.18604	0.50777	0.98612	0.69175	1.05971	1.92195
11GR	1.87044	2.58550	1.70240	2.58427	1.59079	2.72532	1.38473	2.56342	1.44483	2.50700	1.83119	2.46898	2.09857	2.31076	1.77109	2.11083	1.66438	2.15131	1.53069	1.62881	1.26331	1.64108	2.08630	0.65128	1.65212	0.22077	1.42276	0.31889	0.94564	1.35530
6AL	0.64514	0.99593	0.82054	0.94564	0.82790	0.79478	1.07075	0.80459	1.05971	0.88186	0.95177	1.13207	0.84261	1.36143	1.21180	1.40068	1.27557	1.34917	1.68768	1.68891	1.87534	1.51720	1.67665	2.74372	2.29113	2.89949	2.43463	2.70202	2.24698	1.58220
6CR	2.82467	2.15376	2.70079	2.27641	2.71551	2.43341	2.46530	2.47020	2.46775	2.37699	2.48860	2.11942	2.54747	1.82751	2.19178	1.90846	2.14395	1.99186	1.59938	1.71344	1.46078	1.93667	1.36879	0.67581	0.65496	0.69788	0.58504	0.95177	1.06461	1.99554
11EL	0.77025	2.43218	0.92479	2.51804	0.97140	2.65909	1.20444	2.65786	1.19217	2.56833	1.10018	2.31812	0.99348	2.08140	1.39700	2.03970	1.46201	2.10715	1.92931	1.81524	2.08508	1.94035	1.90110	0.67703	2.54870	0.54212	2.70079	0.78865	2.47879	1.89497
3DR	1.63372	0.65864	1.76250	0.77025	1.89987	0.72855	2.01762	0.94196	1.91827	0.97385	1.66070	0.98489	1.37983	0.98366	1.52946	1.32464	1.62759	1.34794	1.46201	1.91459	1.68155	1.99799	0.44032	2.42114	0.58504	3.03686	0.85243	3.07856	1.81524	2.42114
10CL	3.08224	2.62229	3.05280	2.44813	3.14111	2.35736	3.00865	2.17707	2.93873	2.24452	2.77683	2.43954	2.66154	2.66031	2.46039	2.36840	2.48492	2.28868	1.93422	2.14763	1.96733	1.90968	1.09650	2.73268	0.62552	2.30585	0.72977	2.05564	1.71344	1.61041
2BR	1.92440	0.81318	2.07159	0.93215	2.21754	0.91743	2.27028	1.16273	2.17339	1.17745	1.91704	1.14311	1.62391	1.12226	1.73675	1.46201	1.80911	1.49880	1.54664	2.05196	1.77231	2.17707	0.52372	2.41133	0.59976	3.06875	0.85243	3.12516	1.83241	2.63210
7ER	0.63043	2.62597	0.80704	2.67381	0.86837	2.79646	1.10386	2.72655	1.06339	2.65418	0.91130	2.43096	0.73100	2.24330	1.10999	2.10593	1.17868	2.14640	1.50739	1.73675	1.72448	1.85572	1.29643	0.68807	1.84468	0.43541	2.04705	0.61448	2.09857	1.72080
9DL	0.94196	2.65541	0.89658	2.48860	0.78865	2.42605	0.83893	2.19056	0.91866	2.25066	1.16028	2.39171	1.36388	2.56955	1.48408	2.19792	1.44851	2.11819	1.86921	1.72203	1.78335	1.56626	2.97798	2.03847	3.29320	1.43257	3.10431	1.23755	1.96733	1.15783
12CL	2.61984	1.99431	2.58427	1.83609	2.64805	1.72448	2.50087	1.56381	2.44445	1.62881	2.31566	1.85817	2.21999	2.11329	1.94525	1.85081	1.95875	1.75637	1.42521	1.68278	1.44483	1.43993	0.65496	2.34387	0.08462	1.96243	0.15208	1.73429	1.13575	1.14556
5ER	2.52785	2.43096	2.35859	2.52049	2.36227	2.66767	2.11942	2.64192	2.13046	2.57078	2.18810	2.31934	2.28500	2.05196	1.91214	2.06423	1.85694	2.12923	1.37124	1.83609	1.20321	1.97714	1.30256	0.67213	0.65496	0.57646	0.50409	0.80214	0.82299	1.98082
4CR	0.98489	1.08424	0.93828	1.26331	0.78129	1.28784	0.80704	1.52578	0.88309	1.50739	1.13452	1.41540	1.38841	1.27803	1.44729	1.67419	1.36879	1.73061	1.73307	2.12187	1.57607	2.32057	2.83325	2.09857	3.00742	2.72655	2.79891	2.87986	1.65580	2.74985
1DR	2.58427	1.65334	2.49964	1.50861	2.54747	1.36266	2.35123	1.25350	2.31566	1.34058	2.27519	1.58466	2.23594	1.86062	1.89129	1.67787	1.88761	1.58834	1.35407	1.66070	1.26331	1.45465	0.76166	2.54625	0.12142	2.31198	0.14963	2.06300	0.87205	1.27925
8BL	1.04990	2.88231	0.95913	2.74004	0.78987	2.75230	0.77515	2.48124	0.86960	2.48615	1.13085	2.56587	1.40681	2.65418	1.34181	2.30094	1.27435	2.24452	1.59447	1.77354	1.39209	1.63126	2.73636	1.60428	2.79033	0.96036	2.54747	0.83893	1.44115	1.11367
3HR	1.42644	3.00129	1.57485	2.94487	1.69872	2.98902	1.85572	2.82344	1.78213	2.78051	1.54173	2.71551	1.27067	2.63088	1.49389	2.33529	1.59079	2.33897	1.57362	1.73184	1.82996	1.69750	0.74327	1.07565	1.02291	0.47588	1.28539	0.48079	2.05441	1.36879
4AL	1.13575	0.89290	1.30378	0.85120	1.37983	0.74327	1.60060	0.82054	1.56013	0.91007	1.38841	1.12349	1.18727	1.32831	1.54786	1.42889	1.62145	1.38964	1.98205	1.87166	2.17461	1.79685	1.60428	2.99270	2.20405	3.23923	2.41010	3.06752	2.52049	1.95507
5GL	2.67871	2.59654	2.54993	2.71183	2.55115	2.85656	2.32425	2.86514	2.30953	2.77683	2.34755	2.54870	2.42482	2.27028	2.05687	2.35000	2.01271	2.41624	1.52088	2.12923	1.35530	2.33651	1.32586	1.07565	0.66722	1.07811	0.58872	1.33077	0.97998	2.36595
12AR	0.62184	2.20650	0.77393	2.28255	0.80704	2.40397	1.01065	2.35736	0.98489	2.28132	0.89290	2.08140	0.74327	1.88515	1.07320	1.84100	1.13207	1.87780	1.46201	1.52088	1.64844	1.63494	1.32831	0.53844	1.88761	0.35323	2.03847	0.49551	2.02743	1.52824
9FR	0.71015	1.57362	0.81686	1.43380	0.79601	1.30010	1.03150	1.21548	1.04867	1.30256	1.04008	1.56381	1.01065	1.85449	1.35652	1.70486	1.39087	1.62881	1.91582	1.82505	2.04092	1.61532	2.28868	2.78297	2.93873	2.69956	2.98657	2.45671	2.43954	1.51475
7HR	2.46652	2.83203	2.53153	2.67994	2.61003	2.60144	2.58304	2.39048	2.50455	2.41992	2.25802	2.55606	2.05319	2.73145	1.94035	2.35000	1.98082	2.27887	1.61164	1.98328	1.67787	1.74533	0.55193	2.19424	0.28577	1.55031	0.46117	1.37860	1.54909	1.34794
9GR	0.62552	2.76457	0.59731	2.58427	0.43909	2.52540	0.54702	2.27273	0.61325	2.31934	0.80214	2.51068	1.04499	2.69098	1.14556	2.32425	1.08546	2.23962	1.56994	1.93544	1.47918	1.67665	2.71183	2.18565	2.98412	1.59447	2.80872	1.40927	1.66315	1.28048
5FL	2.33529	2.40029	2.18197	2.46530	2.13414	2.59408	1.91336	2.52417	1.92563	2.45058	2.06423	2.27519	2.21509	2.00903	1.84591	1.94525	1.78213	1.98450	1.40559	1.62023	1.22161	1.69995	1.59570	0.55438	1.00819	0.30172	0.82790	0.45994	0.81808	1.56503
11HL	0.71874	1.42153	0.73100	1.59570	0.57523	1.68155	0.71628	1.89742	0.78129	1.83732	0.95177	1.64476	1.14802	1.42521	1.32464	1.77845	1.29765	1.85204	1.79071	2.07404	1.72816	2.31198	2.80382	1.64230	3.19630	2.16725	3.07610	2.37699	1.96488	2.67013
1GL	2.44567	2.92892	2.53153	2.77806	2.70079	2.76825	2.69098	2.49351	2.58918	2.51681	2.33406	2.59776	2.08385	2.70570	2.07649	2.30340	2.14395	2.25556	1.80175	1.80052	1.99063	1.61164	0.73468	1.73675	0.64269	1.06584	0.88064	0.92356	1.95875	1.20934
8AR	2.27396	2.63824	2.10961	2.67626	2.03111	2.79033	1.79807	2.65786	1.85940	2.58059	2.03847	2.41869	2.24698	2.22735	1.90723	2.03234	1.83119	2.06791	1.60183	1.60919	1.35775	1.66929	2.01884	0.58136	1.51965	0.21832	1.30378	0.34342	0.99961	1.45587
8CL	1.03640	1.28293	0.97140	1.45342	0.83035	1.49880	0.91130	1.72448	0.97753	1.68768	1.19340	1.55890	1.41417	1.41294	1.47918	1.74533	1.43380	1.81647	1.87412	2.15744	1.74533	2.35736	2.90194	1.99063	3.13620	2.55606	2.97921	2.71305	1.89006	2.75230
1ER	1.99431	2.99393	1.81770	2.98657	1.71957	3.09082	1.50739	2.94241	1.57117	2.87250	1.80298	2.74126	2.06668	2.56465	1.74043	2.34265	1.64966	2.34633	1.49512	1.78581	1.23510	1.82505	2.12433	0.87082	1.65947	0.36059	1.40681	0.46607	0.92356	1.52456
4BR	2.87128	2.49841	2.71673	2.61125	2.72655	2.78542	2.45181	2.80014	2.44690	2.70570	2.49841	2.45058	2.56465	2.16357	2.19792	2.24330	2.15376	2.31812	1.66193	2.04338	1.51107	2.24330	1.44361	1.00942	0.75185	0.97876	0.66845	1.21425	1.09405	2.27151
5DR	1.57239	3.00497	1.39332	2.93383	1.26699	3.02214	1.10509	2.80136	1.19708	2.73268	1.45710	2.66645	1.74043	2.61616	1.47795	2.32915	1.39823	2.31198	1.40927	1.68891	1.12717	1.68523	2.28255	1.07933	1.98205	0.48570	1.70240	0.48692	0.91866	1.29029
9EL	1.26086	2.94977	1.15660	2.78542	1.03272	2.74740	1.00329	2.52540	1.10631	2.52908	1.35407	2.60512	1.60796	2.72041	1.58834	2.32915	1.51720	2.28745	1.88515	1.81034	1.68155	1.64230	2.92892	1.74901	2.99515	1.09405	2.77438	0.98121	1.71344	1.22038
7DR	1.45097	0.92602	1.31850	1.05848	1.20076	1.04499	1.16151	1.27067	1.24859	1.28048	1.49880	1.25472	1.77845	1.21057	1.72080	1.56871	1.64353	1.61041	1.93422	2.12555	1.76496	2.28500	2.99515	2.36350	2.99883	3.07488	2.75598	3.16809	1.73797	2.72777
2CR	2.79278	1.85326	2.74372	1.69014	2.84552	1.56871	2.63946	1.40804	2.58059	1.49635	2.48492	1.72325	2.43096	1.98573	2.10838	1.77231	2.10838	1.67542	1.57362	1.62636	1.54418	1.40068	0.82667	2.42605	0.28700	2.08262	0.31889	1.83487	1.24123	1.14679
10BL	3.16196	2.05196	3.11658	2.22613	3.20734	2.34633	3.04912	2.52294	2.98779	2.44199	2.85901	2.20773	2.75966	1.94893	2.48983	2.21509	2.49964	2.30462	1.96365	2.40888	1.92318	2.61984	1.08301	1.64844	0.61325	2.04338	0.66477	2.27764	1.61041	2.93015
3ER	2.70202	1.90110	2.62965	2.04338	2.70937	2.17461	2.47511	2.27641	2.43709	2.20160	2.38680	1.97101	2.34755	1.67051	2.03479	1.85940	2.00413	1.96120	1.46691	1.87780	1.34671	2.11819	0.86101	0.93583	0.26738	1.11981	0.23671	1.40436	0.97508	2.26660
6BR	2.50455	1.45710	2.54993	1.64108	2.67381	1.70608	2.60635	1.93667	2.52294	1.93544	2.32180	1.73552	2.08385	1.54173	1.99922	1.89374	2.04951	1.96978	1.55277	2.36104	1.67051	2.51436	0.48079	1.97346	0.14227	2.61493	0.32625	2.82344	1.45219	2.93996
11FR	1.39209	0.71751	1.23387	0.81195	1.09282	0.74817	0.96649	0.97876	1.06216	0.99225	1.33322	1.05725	1.62023	1.08669	1.44483	1.43012	1.34426	1.45587	1.39823	2.01271	1.18972	2.05073	2.37331	2.54747	2.15867	3.18036	1.89497	3.18526	1.03272	2.45794
3GL	1.23142	0.92234	1.40436	0.92479	1.50861	0.80827	1.70976	0.93460	1.64844	1.01310	1.43748	1.16519	1.21057	1.31237	1.51843	1.50003	1.60673	1.48531	1.79071	1.97960	2.03479	1.95875	1.27312	2.87496	1.76741	3.35820	1.98696	3.23800	2.32425	2.20160
5HR	1.96488	0.87941	1.79930	0.87696	1.70363	0.77148	1.49757	0.88554	1.55399	0.96404	1.73920	1.11245	1.97592	1.31114	1.63126	1.47795	1.55522	1.44729	1.35652	1.92808	1.10386	1.91827	1.82751	2.96081	1.31482	3.36556	1.10141	3.24414	0.75430	2.18197
2AL	1.45833	2.83693	1.31973	2.73145	1.17991	2.77070	1.08669	2.56955	1.17132	2.56219	1.40804	2.52662	1.69382	2.48370	1.52210	2.14395	1.44483	2.13046	1.58098	1.52333	1.33813	1.44238	2.49719	1.00574	2.30585	0.37654	2.04092	0.37408	1.18359	1.11490
7FL	1.44729	0.87328	1.60428	0.90885	1.69627	0.82544	1.85081	0.96894	1.79194	1.02169	1.57852	1.15170	1.33690	1.26699	1.60306	1.49389	1.67910	1.49144	1.76250	2.03724	2.01394	2.04092	1.09037	2.91298	1.48531	3.34349	1.73429	3.28339	2.28377	2.31689
9BL	1.48040	2.82957	1.63617	2.79646	1.77109	2.86882	1.92931	2.69098	1.84468	2.63824	1.59815	2.55606	1.32341	2.45794	1.59447	2.18442	1.68646	2.17461	1.71835	1.61164	1.96610	1.63862	0.94932	0.83893	1.31605	0.29191	1.56503	0.35446	2.23471	1.25718
12EL	0.85243	1.45710	0.85365	1.62268	0.72609	1.72693	0.86714	1.94035	0.91866	1.86798	1.08792	1.67542	1.26331	1.44729	1.44238	1.76128	1.41662	1.83609	1.94893	2.03234	1.90355	2.27519	2.90439	1.54050	3.35820	2.05932	3.23800	2.28255	2.19301	2.61861
5CR	2.51313	1.29397	2.33283	1.22529	2.27887	1.11613	2.05932	1.07565	2.08508	1.14434	2.17216	1.42521	2.28255	1.66929	1.89497	1.67297	1.83119	1.61287	1.38596	1.98328	1.19585	1.80052	1.37370	3.09573	0.72119	3.22451	0.57891	3.00374	0.81563	1.82138
4ER	0.71015	2.18197	0.85488	2.25066	0.86837	2.41010	1.12594	2.37699	1.11367	2.29236	1.02904	2.03356	0.93338	1.80420	1.28293	1.78335	1.33322	1.85081	1.73797	1.53314	1.94280	1.65212	1.81402	0.39371	2.46162	0.27106	2.58427	0.47956	2.35982	1.59938
1BR	2.78297	1.61655	2.70447	1.49389	2.70692	1.36634	2.53521	1.23265	2.49473	1.35407	2.45794	1.57730	2.44445	1.83855	2.11329	1.67665	2.09121	1.59570	1.54173	1.70486	1.46201	1.47672	0.99593	2.61248	0.40965	2.40888	0.40597	2.14640	1.05480	1.28784
8DL	0.67949	2.41992	0.70647	2.24943	0.61203	2.12923	0.75430	1.96488	0.81686	2.02620	0.93460	2.24452	1.07565	2.51681	1.29397	2.22245	1.28661	2.13414	1.84836	2.04460	1.90110	1.76741	2.80627	2.67381	3.26376	2.24330	3.16809	2.00535	2.17093	1.48776
2HR	2.57323	1.31360	2.43096	1.21425	2.43341	1.07197	2.19669	1.06829	2.20528	1.17745	2.27028	1.38719	2.36472	1.66070	1.99922	1.63004	1.95752	1.58711	1.49757	1.90601	1.31973	1.72325	1.38596	2.99147	0.75676	3.08101	0.64269	2.86269	0.90271	1.73429
12GR	2.17461	1.07197	2.24943	1.21793	2.39171	1.25840	2.39293	1.48286	2.29481	1.47550	2.06668	1.37738	1.81156	1.26699	1.78458	1.64844	1.85817	1.70240	1.53805	2.13659	1.67542	2.30585	0.38267	2.17707	0.27351	2.84184	0.50532	2.94487	1.65580	2.71428
7AL	1.79439	1.03886	1.89129	1.16028	2.06423	1.13452	2.09734	1.36511	2.03111	1.37860	1.76618	1.34058	1.50248	1.30010	1.58956	1.63617	1.64721	1.66438	1.46568	2.20896	1.59570	2.32547	0.36059	2.45794	0.40229	3.12026	0.61325	3.19508	1.62023	2.74617
11AR	1.65334	1.02659	1.80420	1.10877	1.92686	1.07565	2.00781	1.30010	1.91827	1.30501	1.67051	1.31482	1.39209	1.29765	1.53682	1.63372	1.61900	1.67051	1.43993	2.22613	1.68278	2.32180	0.49428	2.63824	0.62307	3.25640	0.88309	3.31160	1.80666	2.76212
6ER	2.99883	1.97714	2.88354	2.11819	2.91666	2.28009	2.65296	2.35736	2.63333	2.27151	2.62352	1.97837	2.65418	1.70976	2.29972	1.85817	2.25802	1.94771	1.68401	1.75882	1.55399	2.01517	1.27067	0.74940	0.58995	0.88554	0.53721	1.15415	1.17009	2.13168
11CL	2.32425	3.16196	2.40888	3.03072	2.57200	3.03195	2.59040	2.76947	2.49228	2.78297	2.24452	2.83203	1.96488	2.92402	2.00781	2.52294	2.07894	2.46530	1.76373	1.99186	1.95629	1.83241	0.64514	1.81892	0.64514	1.15047	0.88922	1.02169	1.97469	1.37738
3BR	1.96978	2.66890	2.05564	2.57568	2.22858	2.60021	2.25679	2.35246	2.17216	2.36472	1.93054	2.41133	1.65212	2.45917	1.70608	2.04951	1.77845	2.00045	1.56013	1.50493	1.75760	1.35285	0.51023	1.23633	0.55561	0.58750	0.78374	0.50900	1.81402	0.95668
10EL	2.27396	1.26822	2.38557	1.42766	2.51681	1.43502	2.47388	1.68401	2.39171	1.67665	2.15254	1.59692	1.91827	1.49512	1.93422	1.86430	2.00413	1.91827	1.64844	2.38189	1.82260	2.52172	0.57401	2.45058	0.47834	3.11781	0.70402	3.27603	1.73920	3.01233
2DR	1.65457	0.78742	1.80543	0.85365	1.90110	0.84997	2.00658	1.01433	1.90846	1.02659	1.68768	1.07565	1.40313	1.11245	1.58834	1.40804	1.67051	1.42766	1.55522	2.02988	1.79194	2.09857	0.62552	2.56587	0.85365	3.13743	1.13085	3.14847	1.96610	2.46284
7CR	2.65418	1.72816	2.58795	1.57239	2.64314	1.44974	2.45671	1.32709	2.41624	1.40804	2.33529	1.66315	2.30830	1.91336	2.00413	1.72571	1.98328	1.62023	1.36634	1.70486	1.32341	1.45219	0.72609	2.55729	0.09444	2.29726	0.15454	2.05564	0.93706	1.26576
7BR	1.54909	0.85611	1.69136	0.89535	1.82751	0.89413	1.92318	1.09528	1.82996	1.13452	1.58098	1.18972	1.31605	1.22038	1.51107	1.51843	1.59079	1.53192	1.51720	2.08876	1.74778	2.15989	0.66967	2.74862	0.90394	3.30669	1.16519	3.30178	1.94525	2.51559
2ER	2.72900	1.77967	2.63210	1.61900	2.67258	1.47918	2.45794	1.36388	2.43954	1.45219	2.39539	1.69995	2.37944	1.99063	2.05564	1.81647	2.02252	1.75024	1.48899	1.87412	1.37615	1.64966	0.94564	2.82467	0.34833	2.69220	0.28209	2.43463	0.94073	1.51720
10DL	0.93583	1.39945	0.97262	1.56626	0.83280	1.67297	0.98366	1.85326	1.07443	1.77599	1.21548	1.56626	1.37492	1.37370	1.56013	1.67910	1.51965	1.74656	2.07526	1.92931	2.00903	2.18197	2.97553	1.38841	3.43915	1.83241	3.35575	2.10961	2.29481	2.50087
3CR	2.57936	1.91582	2.48002	1.76741	2.55238	1.60919	2.32057	1.51229	2.28868	1.59202	2.22981	1.87657	2.22490	2.15867	1.88270	1.97346	1.86185	1.87780	1.33322	1.97101	1.27189	1.70240	0.76534	2.86882	0.18520	2.66767	0.15086	2.38925	0.90026	1.55890
11BL	1.25350	2.83080	1.16028	2.73636	0.98980	2.75598	0.98980	2.50087	1.06707	2.51559	1.33199	2.57814	1.54786	2.61739	1.49144	2.27396	1.40804	2.22735	1.68033	1.70854	1.48776	1.58711	2.72409	1.43257	2.69711	0.83280	2.45303	0.73836	1.43502	1.15906
6DR	1.83119	0.52127	1.67542	0.61448	1.56994	0.58136	1.40559	0.74694	1.48776	0.76780	1.72203	0.87818	2.01394	0.96036	1.75637	1.24736	1.64230	1.25104	1.62391	1.81524	1.38596	1.81892	2.46039	2.62965	2.07649	3.11781	1.85081	3.06875	1.12471	2.31321
t	1.35652	2.81118	1.50371	2.71919	1.66929	2.78665	1.77354	2.56097	1.68155	2.53030	1.39700	2.48615	1.13330	2.49719	1.30378	2.11329	1.37738	2.09244	1.29888	1.52824	1.51107	1.48286	0.32380	1.01433	0.52127	0.37531	0.74817	0.37899	1.66561	1.01310
6FL	1.86676	0.54702	1.66438	0.63043	1.53314	0.54457	1.38351	0.72487	1.46201	0.76902	1.70854	0.80950	2.02620	0.91498	1.77967	1.20812	1.68768	1.19830	1.70363	1.81034	1.46814	1.83855	2.55729	2.48860	2.26783	3.08960	2.04951	3.05525	1.27925	2.21999
4HR	1.64108	3.12394	1.46691	3.02336	1.35407	3.06016	1.25104	2.80014	1.36143	2.78910	1.59324	2.78542	1.92686	2.76334	1.77354	2.38067	1.67419	2.36104	1.84959	1.79439	1.61164	1.65457	2.88109	1.34426	2.71551	0.66967	2.44199	0.62184	1.46936	1.33077
3AL	0.92479	2.64069	1.09405	2.70815	1.15047	2.83693	1.38719	2.73391	1.35285	2.64805	1.19830	2.44322	1.05357	2.21018	1.40436	2.11206	1.48040	2.18197	1.81770	1.64476	2.03847	1.76986	1.52701	0.57891	2.11697	0.28945	2.31444	0.47711	2.41256	1.63372
2GL	0.66722	1.26944	0.75553	1.14802	0.78006	1.03272	0.96772	0.96036	0.98489	1.04744	0.98121	1.30869	0.93460	1.60796	1.30624	1.47672	1.33935	1.39087	1.86185	1.62759	1.99554	1.40313	2.21999	2.65173	2.87618	2.55115	2.92647	2.33283	2.39661	1.31605
12FR	0.50287	1.70363	0.58504	1.55890	0.53353	1.42766	0.74204	1.28539	0.76289	1.35898	0.81072	1.62391	0.88186	1.91459	1.18481	1.67665	1.18481	1.59447	1.70608	1.64598	1.78213	1.40927	2.34265	2.50577	2.98412	2.29113	2.98166	2.03234	2.15376	1.24001
9AR	1.88147	0.68685	2.02252	0.78497	2.19178	0.75062	2.25679	0.97876	2.13414	1.01433	1.85326	1.01923	1.60183	0.96649	1.68523	1.34549	1.75760	1.37860	1.57117	1.89619	1.77477	2.00413	0.56542	2.21754	0.64882	2.83448	0.91620	2.91666	1.87657	2.41624
10HL	2.85901	1.79071	2.74126	1.66070	2.78419	1.48531	2.54379	1.41049	2.52785	1.49635	2.54012	1.76373	2.57078	2.04583	2.21141	1.93054	2.16725	1.83855	1.65702	2.05073	1.48654	1.83364	1.26331	3.09082	0.58259	3.03440	0.51759	2.80136	1.11245	1.76741
4FL	1.41785	0.77883	1.57975	0.83035	1.72448	0.71996	1.85204	0.94073	1.76128	0.98489	1.49757	1.07443	1.23633	1.15170	1.47795	1.44361	1.58098	1.44606	1.62023	2.05073	1.88147	2.08998	0.81072	2.80627	1.18236	3.29688	1.45342	3.26131	2.11942	2.40642
1AL	1.24001	2.85288	1.37738	2.87496	1.46936	3.02704	1.68033	2.89213	1.62023	2.82712	1.41417	2.63333	1.19340	2.49105	1.50493	2.29849	1.58834	2.31076	1.83241	1.77354	2.08753	1.84713	1.40559	0.76534	1.89497	0.39248	2.13536	0.53476	2.40029	1.64598
6HR	0.74204	2.36595	0.73959	2.19914	0.61448	2.08262	0.78251	1.91214	0.83648	1.99554	1.04131	2.18565	1.11613	2.42728	1.35162	2.14763	1.34671	2.07649	1.88761	1.95261	1.84468	1.72080	2.79155	2.59899	3.23678	2.14886	3.15705	1.90723	2.18075	1.39455
8GR	0.81072	1.89129	0.82790	2.04215	0.72119	2.17707	0.93338	2.32302	0.98734	2.24820	1.07811	2.00290	1.18604	1.74165	1.42521	1.96978	1.43993	2.05809	1.98573	2.09121	2.02498	2.31689	2.77070	1.32831	3.26376	1.65212	3.23310	1.90723	2.34387	2.57691
8EL	1.66193	0.87082	1.50493	0.94073	1.35285	0.85243	1.21670	1.06216	1.31605	1.08914	1.56994	1.14311	1.88025	1.21180	1.66683	1.51843	1.55399	1.51843	1.59079	2.02252	1.33690	2.10715	2.46530	2.72164	2.21631	3.30424	1.93667	3.30669	1.16764	2.52785
4DR	1.65089	2.70937	1.81892	2.66399	1.96365	2.77683	2.11942	2.57078	2.04705	2.51926	1.78703	2.43954	1.50984	2.29481	1.76005	2.03724	1.86062	2.02252	1.89742	1.50739	2.16725	1.46691	1.12226	0.69420	1.46691	0.14104	1.74901	0.19133	2.44813	1.14679
5BR	2.26170	2.64437	2.11942	2.66399	2.06913	2.82589	1.85572	2.71551	1.88761	2.63578	2.00658	2.42360	2.17216	2.24330	1.81647	2.12310	1.75882	2.17952	1.41785	1.70240	1.21302	1.81647	1.64598	0.68071	1.07443	0.40352	0.88799	0.53476	0.85120	1.70731
9CL	0.70279	1.15906	0.68807	1.29152	0.52740	1.34671	0.60835	1.59570	0.66599	1.54418	0.89413	1.39700	1.14066	1.23019	1.26454	1.61164	1.19217	1.66315	1.59692	2.03970	1.45097	2.24207	2.69588	1.84100	2.93137	2.48124	2.74862	2.64928	1.70731	2.72655
5CL	0.79601	0.78497	0.98121	0.78006	1.06829	0.62184	1.28048	0.72732	1.22529	0.80950	1.04254	1.01923	0.83893	1.20566	1.19340	1.37738	1.27067	1.32954	1.54664	1.84345	1.79807	1.75514	1.15292	2.89826	1.69627	3.24414	1.92318	3.14479	2.15989	1.91950
4EL	1.54173	0.66354	1.40681	0.76657	1.24859	0.68562	1.11613	0.90026	1.22651	0.93215	1.47182	0.96281	1.77967	1.03150	1.56503	1.32831	1.47918	1.32954	1.58098	1.92072	1.33199	1.99554	2.48247	2.50577	2.29481	3.07120	2.01271	3.07242	1.15660	2.38435
1BL	2.47020	2.18442	2.53398	2.03356	2.70202	2.00045	2.63701	1.75637	2.55729	1.79930	2.33038	1.90478	2.10347	2.05319	2.03970	1.69136	2.08262	1.62268	1.71712	1.27435	1.82751	1.07197	0.65250	1.33445	0.46117	0.68562	0.62552	0.54702	1.71099	0.63288
8DR	1.64598	0.53476	1.78458	0.59608	1.93912	0.50287	2.05196	0.75430	1.95261	0.80459	1.69872	0.83525	1.43134	0.86346	1.63249	1.19830	1.70240	1.17868	1.68033	1.76741	1.89006	1.87289	0.76780	2.49228	1.03150	3.01600	1.29275	3.04789	2.11451	2.27641
8FL	2.56342	0.69175	2.58182	0.87328	2.74004	0.92111	2.69588	1.15292	2.61371	1.12471	2.37699	0.98980	2.14886	0.81440	2.00535	1.20076	2.08262	1.26944	1.62391	1.64598	1.79317	1.86430	0.51759	1.46814	0.32625	2.08753	0.50900	2.24575	1.73675	2.23349
4GR	2.65909	1.99554	2.62229	1.83241	2.71305	1.71344	2.53030	1.55277	2.48860	1.62513	2.34755	1.87657	2.26538	2.13291	1.99309	1.85817	1.99799	1.76128	1.47672	1.60919	1.46446	1.44606	0.65618	2.45303	0.06745	2.02252	0.14350	1.75514	1.08669	1.20321
2HL	2.46530	1.02046	2.47388	1.19462	2.58304	1.25963	2.49719	1.48531	2.42605	1.42030	2.30708	1.24001	2.05441	1.03395	1.90233	1.36266	1.94157	1.44606	1.48163	1.76986	1.50003	1.96120	0.42928	1.25718	0.08340	1.79807	0.20237	1.99922	1.30010	2.28377
5AR	2.81854	1.46078	2.79278	1.65334	2.88599	1.77354	2.72041	1.97960	2.64805	1.90846	2.51559	1.67910	2.36840	1.41417	2.09980	1.70854	2.12065	1.79807	1.47672	1.96733	1.49022	2.20650	0.56297	1.29029	0.10793	1.74043	0.19378	1.99431	1.21057	2.46652
12GL	2.14150	1.03027	2.22122	1.18481	2.38435	1.20812	2.33651	1.45710	2.25066	1.43748	2.00290	1.32341	1.77722	1.17991	1.71589	1.54050	1.79685	1.60796	1.41172	1.99554	1.54909	2.20282	0.31398	1.90233	0.14227	2.57078	0.29927	2.68975	1.41908	2.58059
7AR	2.58795	1.69259	2.60267	1.83855	2.70692	1.91336	2.57568	2.10470	2.51926	2.05687	2.32547	1.86676	2.19424	1.64598	2.02375	1.95016	2.04951	2.01762	1.55399	2.26783	1.57852	2.43954	0.62429	1.71467	0.16312	2.19669	0.30417	2.42605	1.30746	2.76702
10GL	0.91743	1.84959	1.00206	1.68278	0.98857	1.56013	1.20812	1.44729	1.22406	1.53560	1.25350	1.80911	1.24001	2.08140	1.62145	1.94157	1.63862	1.84713	2.17461	1.97837	2.28009	1.76864	2.68484	2.96449	3.28216	2.88845	3.27971	2.57691	2.63578	1.61532
8HR	0.81563	1.01187	0.96404	0.95177	0.99102	0.81931	1.22651	0.87205	1.20689	0.96527	1.08301	1.19094	0.92111	1.41908	1.29029	1.49389	1.34794	1.43257	1.72325	1.84468	1.94525	1.68646	1.64966	2.83448	2.25188	2.99270	2.40275	2.83816	2.31812	1.75269
6GR	0.87450	2.17339	1.00574	2.29359	1.00451	2.42973	1.24614	2.41746	1.23142	2.35246	1.17623	2.11206	1.08424	1.86308	1.46323	1.84100	1.50616	1.91704	1.94280	1.58220	2.14763	1.74043	2.03234	0.45381	2.65296	0.37408	2.77683	0.58504	2.57691	1.71589
6EL	2.32547	1.01433	2.39784	1.18481	2.55974	1.25227	2.50945	1.50003	2.42114	1.47304	2.17216	1.36143	1.95997	1.19217	1.86798	1.57852	1.93422	1.64721	1.49512	2.07036	1.66561	2.26170	0.40720	1.88515	0.20728	2.57200	0.39861	2.75230	1.54909	2.67258
11CR	0.77025	1.42644	0.90271	1.28293	0.95423	1.15292	1.16641	1.11981	1.14556	1.23633	1.08424	1.49389	0.95913	1.72203	1.34426	1.71589	1.39332	1.63985	1.84223	1.95752	2.05073	1.81279	1.94771	3.10677	2.64560	3.18894	2.77193	2.95836	2.45671	1.80666
3BL	1.92195	2.86024	1.75882	2.87741	1.69014	2.96449	1.50371	2.83448	1.58098	2.76947	1.78581	2.63333	2.03234	2.47388	1.71712	2.21386	1.63126	2.23962	1.48531	1.73797	1.22161	1.73920	2.08017	0.86224	1.59079	0.34955	1.33567	0.43418	0.89781	1.49757
10ER	1.05848	0.70402	1.18972	0.77883	1.28171	0.64760	1.41540	0.78129	1.35285	0.85978	1.10754	0.97753	0.91007	1.10877	1.14066	1.35530	1.24123	1.34303	1.34671	1.85694	1.57362	1.88270	0.58872	2.73268	0.98121	3.27725	1.23878	3.21470	1.85694	2.21141
2DL	1.37370	2.83571	1.22406	2.77070	1.09282	2.82221	0.99102	2.60144	1.07811	2.57691	1.32831	2.58182	1.60306	2.56465	1.43870	2.20160	1.33322	2.18688	1.42766	1.67051	1.23019	1.55767	2.38557	1.10631	2.20405	0.47220	1.95629	0.46607	1.06093	1.17868
7CL	2.50209	2.72777	2.35000	2.79278	2.26538	2.90316	2.06545	2.75598	2.13782	2.62842	2.32670	2.50577	2.57200	2.32425	2.25556	2.12065	2.16603	2.14640	1.99922	1.57975	1.73920	1.62023	2.50700	0.62675	2.02866	0.17048	1.81034	0.28823	1.41908	1.33813
7BL	1.56135	0.66845	1.40804	0.70402	1.27803	0.62797	1.13207	0.79969	1.21302	0.82299	1.45465	0.97140	1.71589	1.05848	1.45955	1.33077	1.37860	1.33567	1.36020	1.87289	1.11858	1.89742	2.10225	2.64314	1.76128	3.14602	1.50616	3.10922	0.87696	2.29726
2EL	1.68646	0.83157	1.83241	0.91252	1.96610	0.82544	2.09244	1.01923	2.01271	1.07075	1.78826	1.14924	1.50248	1.22529	1.73552	1.50371	1.82383	1.51352	1.80298	2.09857	2.04215	2.13782	0.98366	2.81608	1.28907	3.36066	1.54296	3.34226	2.25924	2.52785
10DR	2.06177	2.98289	1.91459	2.93996	1.81279	3.05771	1.60796	2.89581	1.68155	2.82712	1.90846	2.72532	2.13414	2.56833	1.83241	2.34755	1.74656	2.34878	1.59447	1.77109	1.34303	1.83977	2.21754	0.95055	1.77722	0.45135	1.45833	0.57033	1.02291	1.57852
3CL	1.23878	2.98534	1.10999	2.85410	0.95913	2.89703	0.91375	2.64069	0.99961	2.62597	1.28416	2.61125	1.54909	2.67013	1.47427	2.28132	1.38228	2.24698	1.61900	1.75269	1.37247	1.64721	2.62965	1.41049	2.53521	0.80827	2.31076	0.73836	1.29397	1.25350
11BR	1.50861	2.79155	1.37860	2.74004	1.26576	2.79523	1.12594	2.58059	1.19953	2.56465	1.46078	2.50209	1.72080	2.44445	1.52578	2.12310	1.42889	2.12433	1.50248	1.53437	1.25104	1.48408	2.36595	0.89781	2.08876	0.35446	1.84959	0.36795	1.06461	1.14188
6DL	2.30094	2.92770	2.13168	2.92156	2.04828	3.07365	1.83364	2.96326	1.87780	2.88109	2.06913	2.70447	2.27764	2.48247	1.92686	2.29726	1.83732	2.33406	1.57852	1.85572	1.33935	1.94403	1.98205	0.84261	1.41662	0.49060	1.21915	0.65986	0.96772	1.73429
6FR	1.99922	2.76947	2.13782	2.66522	2.28745	2.70815	2.34633	2.45794	2.26047	2.43709	1.99186	2.43586	1.72325	2.46898	1.85326	2.12433	1.94157	2.09366	1.78581	1.52088	2.00413	1.41540	0.75798	1.07933	0.88064	0.44032	1.16764	0.42192	2.09857	1.02414
4HL	1.95261	0.56910	1.77354	0.60222	1.63862	0.47466	1.45710	0.67335	1.52701	0.73100	1.78090	0.86469	2.05196	0.96036	1.78458	1.26331	1.68646	1.24982	1.51352	1.86921	1.33199	1.83119	2.41501	2.65541	1.93299	3.20979	1.68523	3.12516	1.08056	2.14763
3AR	1.80666	0.75798	1.96365	0.83648	2.07772	0.76166	2.18565	0.99102	2.07894	1.02291	1.81647	1.08056	1.56503	1.12471	1.75760	1.44115	1.85081	1.45465	1.84345	2.04828	2.03111	2.12555	0.83893	2.69098	1.12226	3.32877	1.34181	3.29197	2.21141	2.51559
10FL	0.76902	2.01394	0.80459	1.83732	0.73591	1.70731	0.93215	1.54173	0.98121	1.62636	1.07688	1.88638	1.14802	2.16480	1.44729	1.91214	1.45587	1.82138	2.06668	1.82751	2.09366	1.52701	2.76334	2.64928	3.35207	2.29113	3.25763	2.03479	2.44813	1.31973
2GR	0.64514	1.80052	0.70524	1.93054	0.63901	2.04092	0.85611	2.16848	0.89781	2.09244	0.99348	1.81770	1.06707	1.54909	1.35285	1.79071	1.32954	1.92440	1.91459	1.86676	1.97224	2.13659	2.54134	1.01555	3.11290	1.30624	3.11658	1.54786	2.28377	2.32425
9AL	2.54870	2.20528	2.57323	2.07649	2.72655	2.00413	2.59776	1.81156	2.52662	1.86430	2.33774	2.01394	2.16235	2.20282	1.98082	1.86308	2.02007	1.79194	1.53805	1.53192	1.60919	1.32586	0.55315	1.86798	0.22690	1.35285	0.33116	1.15783	1.39823	0.94932
10HR	0.99961	2.49596	0.93338	2.33651	0.86101	2.27887	0.96281	2.06913	1.00942	2.13414	1.20812	2.29481	1.42766	2.46284	1.55767	2.12187	1.51597	2.04338	2.06545	1.75392	2.00413	1.50861	3.09450	2.07772	3.40481	1.50248	3.25272	1.28293	2.17952	1.17868
4FR	0.51759	1.83609	0.56419	1.67542	0.46239	1.53192	0.70524	1.42889	0.72609	1.51720	0.80214	1.77109	0.85856	2.03970	1.17500	1.84713	1.17255	1.75392	1.78581	1.82505	1.83855	1.59324	2.43463	2.69711	2.94855	2.36104	2.96940	2.09612	2.17216	1.34426
6HL	2.06423	0.82054	1.89374	0.80459	1.82138	0.67581	1.60673	0.79355	1.67174	0.86346	1.86308	1.04254	2.06791	1.22897	1.73307	1.38964	1.66070	1.37002	1.41785	1.90601	1.16519	1.81524	1.85326	2.88967	1.33445	3.25518	1.15415	3.10677	0.85365	2.04338
8GL	0.71506	1.26331	0.69666	1.41049	0.55929	1.48286	0.65250	1.70976	0.76657	1.65089	0.92970	1.46814	1.11367	1.26576	1.25595	1.60183	1.22038	1.68646	1.69259	1.94648	1.62759	2.17707	2.70202	1.61041	3.04421	2.14640	2.87618	2.34387	1.78458	2.53276
8ER	1.00574	1.24736	1.16273	1.18727	1.20812	1.01678	1.44238	1.08178	1.39945	1.19094	1.27067	1.40313	1.09160	1.60796	1.46814	1.68891	1.53682	1.64108	1.90233	2.07281	2.11206	1.92318	1.74533	3.13743	2.38680	3.36434	2.53889	3.18772	2.50209	2.07772
1CL	1.04376	1.23878	0.94932	1.38964	0.80091	1.40068	0.80214	1.66438	0.89413	1.64108	1.12717	1.53805	1.44238	1.44974	1.41785	1.82751	1.33077	1.88393	1.73307	2.35736	1.56381	2.55606	2.81608	2.41256	2.94487	3.03931	2.73513	3.12762	1.63004	2.97798
4DL	2.63210	1.33077	2.50577	1.20444	2.50087	1.02536	2.22367	1.06093	2.22122	1.16028	2.28991	1.42398	2.41746	1.66070	2.01762	1.64598	1.94893	1.56503	1.51107	1.90478	1.32218	1.71957	1.39945	3.05403	0.74327	3.07365	0.63778	2.87618	0.91375	1.72816
5BL	2.72287	2.05196	2.65541	1.90110	2.74985	1.76986	2.52172	1.63004	2.48002	1.73429	2.40888	1.97960	2.35123	2.23103	2.06423	1.99554	2.07404	1.90110	1.48899	1.87780	1.47550	1.65580	0.78865	2.67749	0.19992	2.35614	0.26124	2.10470	1.09282	1.42644
9CR	0.73713	1.87902	0.75798	2.07159	0.69053	2.15989	0.87082	2.35000	0.92970	2.27151	1.04008	2.03970	1.13085	1.76373	1.40436	2.05441	1.37370	2.14027	1.93544	2.31076	1.93422	2.50577	2.76579	1.57730	3.31037	2.03111	3.21838	2.26047	2.22981	2.79278
9HR	1.16764	2.63456	1.31360	2.60512	1.41785	2.71551	1.54296	2.56465	1.45342	2.54379	1.26576	2.43709	1.06339	2.27887	1.29152	2.05073	1.36879	2.05809	1.48408	1.50739	1.70608	1.53192	0.84507	0.71506	1.24123	0.24285	1.50493	0.28823	1.98573	1.23387
7GR	0.71628	2.02988	0.72732	1.85572	0.62675	1.76496	0.78987	1.58956	0.84629	1.65947	0.98244	1.88638	1.07443	2.10593	1.32096	1.83119	1.31605	1.74410	1.85572	1.64966	1.82505	1.42030	2.62107	2.25188	3.09573	1.85204	3.06875	1.60796	2.12433	1.11981
10AL	1.73920	3.01968	1.89619	2.97308	2.01026	2.98779	2.11574	2.79646	2.02743	2.81854	1.80543	2.71060	1.51720	2.63088	1.67419	2.32793	1.75392	2.30830	1.67787	1.72448	1.94403	1.64721	0.77393	1.10018	1.01555	0.52249	1.25963	0.53353	2.12310	1.33445
3FR	2.57446	2.67871	2.43096	2.76702	2.42237	2.89826	2.16480	2.89213	2.16848	2.77315	2.25679	2.54747	2.35614	2.26783	1.96733	2.24820	1.91459	2.31934	1.36756	1.95384	1.19708	2.08998	1.37860	0.76902	0.72241	0.62184	0.56787	0.84384	0.80336	2.04215
11GL	2.12187	2.59531	1.98205	2.61125	1.90478	2.71673	1.67787	2.58795	1.73552	2.52172	1.92440	2.35982	2.15744	2.14763	1.80911	1.97714	1.72448	2.01026	1.45097	1.53314	1.24859	1.60306	1.95752	0.50655	1.45710	0.11897	1.23633	0.23794	0.91130	1.35898
6AR	0.80091	2.27273	0.84629	2.09244	0.74940	1.97346	0.96281	1.82260	0.99838	1.90110	1.10509	2.12678	1.18604	2.37208	1.45097	2.13046	1.44361	2.04092	2.00167	1.94157	2.00413	1.75514	2.73513	2.76089	3.29565	2.39539	3.25027	2.17216	2.39784	1.50003
1HL	2.77315	1.69750	2.76702	1.86062	2.85656	1.95997	2.67013	2.16112	2.60021	2.07526	2.46284	1.84345	2.35246	1.60428	2.11083	1.88761	2.12433	1.97346	1.53805	2.11206	1.56871	2.37576	0.61571	1.47795	0.12755	1.97469	0.20482	2.19669	1.25350	2.65786
6CL	0.92479	1.62636	1.02782	1.46568	1.00329	1.35652	1.22774	1.32464	1.22038	1.41785	1.18113	1.65334	1.17132	1.94893	1.50861	1.85572	1.54296	1.76373	2.13291	2.06913	2.24330	1.84223	2.40275	3.07242	3.08224	3.01846	3.12639	2.79155	2.62107	1.76864
10CR	0.57523	2.33161	0.63043	2.48247	0.63411	2.60512	0.82544	2.69343	0.80704	2.61248	0.86592	2.33774	0.88309	2.09121	1.19094	2.25802	1.22161	2.34878	1.73552	2.24084	1.82996	2.44322	2.18688	1.31850	2.82099	1.46078	2.86269	1.72816	2.19056	2.58304
7EL	2.15131	2.91052	1.98328	2.90930	1.88393	3.05280	1.68033	2.89581	1.74165	2.82712	1.95261	2.67135	2.19056	2.53644	1.88393	2.30953	1.78703	2.33038	1.59079	1.77477	1.36020	1.83487	2.10715	0.84016	1.65947	0.46117	1.41294	0.55806	1.03150	1.58343
9DR	1.46568	2.82344	1.32218	2.76212	1.16641	2.84920	1.05112	2.59776	1.15047	2.56833	1.40313	2.53521	1.68523	2.48492	1.48163	2.14150	1.38596	2.13904	1.45587	1.53805	1.20076	1.46323	2.36227	0.89781	2.12065	0.30295	1.83977	0.28087	1.00451	1.06829
5EL	0.62920	2.18810	0.63165	2.02252	0.53230	1.92318	0.67581	1.74410	0.76657	1.82260	0.90639	2.03479	1.04254	2.25924	1.28784	1.94280	1.26331	1.85204	1.82383	1.70486	1.81770	1.43748	2.76457	2.32057	3.21102	1.85694	3.11167	1.61041	1.99799	1.13575
4CL	2.24207	2.58059	2.35982	2.46039	2.53889	2.49105	2.54502	2.22858	2.42605	2.23839	2.15744	2.27028	1.90233	2.33283	1.97714	1.98818	2.04951	1.94893	1.80666	1.46446	1.99922	1.31114	0.72977	1.14311	0.78006	0.48692	1.02291	0.41946	2.05441	0.89045
1DL	1.61041	2.63210	1.76373	2.56342	1.90478	2.65663	2.03602	2.43831	1.95261	2.41133	1.69627	2.35491	1.43257	2.30953	1.67419	1.95261	1.75024	1.97592	1.76373	1.38719	1.99431	1.34303	0.95423	0.74449	1.25718	0.14227	1.48408	0.18029	2.23103	0.97876
8BR	1.73797	0.84016	1.56749	0.91252	1.41417	0.86346	1.28661	1.09650	1.38596	1.10386	1.66561	1.16028	1.92808	1.18481	1.75269	1.51843	1.65212	1.52824	1.74656	2.05932	1.52456	2.14395	2.72287	2.63456	2.53276	3.25518	2.26905	3.29688	1.34181	2.59163
1FR	0.98734	2.44322	0.91007	2.28132	0.84384	2.19792	0.94073	1.97469	1.00819	2.03479	1.16764	2.22367	1.35898	2.43341	1.56135	2.09121	1.51352	1.99063	1.99922	1.70363	1.89497	1.48776	3.01478	2.12555	3.34716	1.55154	3.22574	1.33077	2.14886	1.13820
3HL	1.50003	3.00374	1.64108	2.91175	1.80298	2.97798	1.87289	2.69834	1.78458	2.72655	1.54050	2.69098	1.24736	2.68117	1.40559	2.34755	1.49757	2.32057	1.34303	1.72325	1.56871	1.64353	0.35691	1.33813	0.45258	0.64882	0.76412	0.59486	1.71222	1.23510
4AR	2.67503	1.39455	2.64069	1.54664	2.75108	1.63617	2.56587	1.83977	2.48370	1.76005	2.34878	1.55645	2.21631	1.30256	1.97469	1.60673	2.00781	1.69504	1.45955	1.85449	1.46936	2.12923	0.51145	1.22651	0.12510	1.72448	0.22445	2.00535	1.24736	2.34755
5GR	2.48492	2.03111	2.42237	1.88147	2.52417	1.73797	2.30953	1.60428	2.26538	1.67542	2.18442	1.92808	2.14027	2.21018	1.84345	1.98205	1.83119	1.88883	1.30624	1.77845	1.24982	1.65580	0.56665	2.69220	0.06745	2.40029	0.10425	2.15008	0.88186	1.42521
12AL	2.11942	2.71305	2.21877	2.57936	2.33529	2.55483	2.32057	2.33651	2.25434	2.38067	2.02375	2.43463	1.82015	2.56465	1.80052	2.21999	1.85081	2.15867	1.56381	1.78826	1.70731	1.60551	0.58750	1.77231	0.42560	1.18849	0.58259	1.08546	1.62268	1.20689
9FL	1.00574	1.07688	0.88554	1.22038	0.77515	1.24614	0.76166	1.47427	0.85488	1.44115	1.12226	1.38719	1.35775	1.27067	1.33567	1.63004	1.26331	1.68278	1.60796	2.12678	1.44238	2.31444	2.62229	2.17093	2.75844	2.83571	2.51191	2.91911	1.48408	2.74494
7HL	2.19914	1.26208	2.03847	1.19462	2.00658	1.01801	1.77109	1.07320	1.81402	1.15783	1.91827	1.40068	2.07159	1.61287	1.66561	1.69995	1.59938	1.64353	1.21793	2.04338	1.00697	1.89006	1.28416	3.13743	0.70524	3.30792	0.55193	3.10186	0.62184	1.98082
9GL	1.08914	0.96772	1.23510	0.94687	1.30869	0.78497	1.52456	0.85365	1.45587	0.94319	1.30992	1.16641	1.10018	1.37738	1.46078	1.47427	1.53682	1.43993	1.89987	1.85940	2.06300	1.83119	1.52210	2.99147	2.10961	3.35207	2.29236	3.19140	2.46530	2.01149
5FR	2.19301	0.85488	2.26292	1.02046	2.38312	1.06339	2.33774	1.30869	2.21877	1.26331	2.03970	1.12717	1.81034	0.98244	1.73061	1.35285	1.77599	1.41417	1.41540	1.84591	1.50248	1.98818	0.35937	1.59202	0.10548	2.21018	0.24162	2.35123	1.36143	2.42360
11HR	2.35859	2.86637	2.18810	2.89826	2.10593	2.96817	1.90110	2.82344	1.97592	2.76825	2.17216	2.62352	2.39048	2.44567	2.06055	2.28500	1.97592	2.31689	1.77967	1.76618	1.54909	1.79807	2.28377	0.79601	1.82260	0.37163	1.60183	0.48202	1.18849	1.52210
1GR	0.83893	1.73307	0.92111	1.59202	0.91252	1.46201	1.12962	1.36388	1.11858	1.46078	1.10754	1.71222	1.09528	2.01884	1.46201	1.87289	1.50248	1.78949	2.03847	1.95997	2.15867	1.74165	2.44445	2.96817	3.08714	2.85410	3.10922	2.58672	2.54502	1.62759
8AL	2.28745	2.29481	2.12555	2.41624	2.14150	2.57446	1.89497	2.54625	1.90110	2.46162	1.95875	2.22367	2.08262	1.99677	1.68523	1.93544	1.63126	2.00658	1.21425	1.70118	1.07320	1.83732	1.15292	0.59240	0.54457	0.53844	0.45013	0.69788	0.61816	1.83977
8CR	1.21425	1.08178	1.37247	1.10509	1.41540	1.01433	1.61900	1.08792	1.58098	1.14188	1.40436	1.33813	1.21548	1.49022	1.50371	1.63249	1.58098	1.60183	1.79439	2.12801	2.02375	2.05687	1.39945	3.12026	1.86553	3.40849	2.05073	3.31528	2.33897	2.28500
1EL	2.79891	1.75269	2.76212	1.59324	2.81976	1.47550	2.59286	1.30992	2.54502	1.42030	2.46652	1.67665	2.41992	1.92686	2.10715	1.69627	2.07894	1.61164	1.52824	1.58834	1.50493	1.32586	0.77761	2.39907	0.14840	2.04951	0.22077	1.78949	1.13085	1.08424
4BL	0.65250	1.79807	0.69666	1.96856	0.65496	2.09980	0.87818	2.25188	0.91743	2.15867	1.01678	1.91459	1.06952	1.66070	1.33322	1.89497	1.33077	1.99922	1.92686	2.00290	1.96978	2.26047	2.61493	1.20076	3.21715	1.50984	3.15951	1.78090	2.26905	2.47634
5DL	0.86346	1.33445	0.84139	1.50371	0.72241	1.52578	0.80091	1.76496	0.86592	1.71589	1.08546	1.54909	1.29765	1.35530	1.39087	1.70118	1.34917	1.76741	1.91827	2.11451	1.77967	2.33651	2.90562	1.62391	3.25518	2.24943	3.13743	2.43218	2.07404	2.68975
9ER	1.39209	2.91298	1.22651	2.82467	1.09282	2.89335	0.97017	2.65663	1.01923	2.62107	1.31605	2.59654	1.64353	2.53766	1.44851	2.22613	1.32341	2.25311	1.41662	1.66806	1.16273	1.62145	2.37086	1.08056	2.14150	0.48692	1.85204	0.46730	1.01187	1.16887
12BR	2.32793	2.92034	2.17093	3.00987	2.11819	3.17545	1.88147	3.13375	1.90723	3.04912	2.03724	2.83816	2.17093	2.60267	1.81279	2.48983	1.72939	2.55115	1.32709	2.23717	1.16151	2.28377	1.48654	1.09037	0.84752	0.87573	0.69788	1.07443	0.74694	2.18197
7DL	2.10102	2.70937	1.96365	2.67871	1.83364	2.81608	1.66929	2.61861	1.74043	2.54012	1.94525	2.36718	2.14272	2.23103	1.84591	2.02866	1.78213	2.08385	1.51475	1.52456	1.38596	1.53069	2.26170	0.63656	1.79317	0.10670	1.55645	0.22813	1.08792	1.22897
2CL	1.20812	0.86714	1.36634	0.90149	1.48040	0.84016	1.61777	0.98734	1.55399	1.03027	1.31728	1.18849	1.07688	1.25227	1.32464	1.52333	1.42153	1.50493	1.48776	2.01639	1.75637	2.04092	0.80336	2.87986	1.19830	3.40972	1.44851	3.31650	2.03602	2.37454
10BR	2.25924	0.98121	2.34755	1.14311	2.47756	1.20689	2.46039	1.44606	2.35491	1.40927	2.10715	1.32954	1.90110	1.20444	1.85081	1.56749	1.92931	1.62145	1.54050	2.10961	1.70118	2.26783	0.42192	2.09734	0.37286	2.71551	0.51636	2.83816	1.68768	2.67503
11FL	2.64560	2.65541	2.70324	2.49964	2.85288	2.47143	2.81240	2.20896	2.72777	2.24452	2.46652	2.35123	2.24207	2.47143	2.21386	2.08262	2.27764	2.01517	1.94403	1.56135	2.08630	1.39332	0.85243	1.62268	0.70892	0.93583	0.91866	0.79233	2.04092	0.99348
3GR	1.64353	0.68807	1.49635	0.77148	1.34917	0.70034	1.22161	0.91988	1.33935	0.96281	1.57607	0.99470	1.85326	1.04254	1.66315	1.33567	1.55645	1.34917	1.63126	1.88883	1.39945	1.96488	2.48738	2.45058	2.22981	3.10309	1.98573	3.08592	1.23019	2.36595
5HL	2.79155	2.08017	2.68117	2.19792	2.73881	2.33038	2.53153	2.46039	2.48492	2.34755	2.43954	2.10470	2.41624	1.83241	2.11451	2.03356	2.09244	2.11819	1.53560	2.02375	1.42644	2.26292	0.93338	1.11245	0.32502	1.34058	0.31030	1.57117	1.05112	2.44690
2AR	1.86676	2.78051	1.70363	2.72409	1.56381	2.83203	1.42521	2.58795	1.51843	2.54379	1.73920	2.44445	2.01026	2.36472	1.76864	2.08508	1.67787	2.08508	1.66806	1.45587	1.40559	1.42889	2.46530	0.70770	2.14763	0.23917	1.88147	0.26124	1.19585	1.11367
7FR	0.39125	1.71344	0.44890	1.60060	0.38635	1.46568	0.55806	1.34303	0.61448	1.41908	0.70770	1.66438	0.78987	1.89129	1.06216	1.69504	1.04131	1.58220	1.68523	1.60428	1.69995	1.36266	2.39539	2.34510	2.89213	2.04583	2.82712	1.81524	1.86921	1.15906
