10AL	438.68945	1618.79825	463.5016	1760.7269	387.07545	1863.94505	558.78065	1988.01565	601.4607	1917.5389	681.8564	1722.0164	768.2015	1511.6007	1016.33285	1705.14335	1013.35815	1780.57465	1499.69205	1802.4121	1505.6513	1988.01565	2060.4624	1142.3833	2534.88765	1408.38255	2499.1617	1619.78325	1732.9302	2181.5583
10AR	901.20605	1392.50435	983.5816	1292.25105	960.75915	1160.2512	1159.25635	1124.5154	1170.18	1194.99215	1134.4442	1389.5198	1127.49995	1649.5598	1444.1085	1595.96595	1459.99655	1505.6513	1912.58435	1706.1382	1990.99035	1528.47375	2142.8478	2555.73025	2679.80085	2491.2226	2736.3694	2299.6598	2298.6748	1446.0982
10BL	675.89715	1464.9511	676.892	1589.0217	628.26255	1702.16865	802.94245	1809.35635	844.62765	1756.75735	951.8252	1562.21985	997.47995	1385.55025	1193.9973	1587.032	1199.9467	1659.4886	1630.7069	1708.11805	1654.5242	1885.7825	2291.7207	1136.4339	2688.7348	1453.04245	2638.11565	1640.62585	1890.7469	2119.02065
10CL	2439.6086	1189.0329	2387.9946	1324.0173	2429.6798	1431.205	2267.9034	1503.6616	2236.147	1443.1235	2167.65995	1252.55555	2132.919	1038.1703	1880.8181	1197.96685	1864.9399	1247.59115	1402.4233	1212.8502	1371.66175	1416.32165	902.19105	517.09545	423.79625	726.5163	442.659	945.86595	1095.7337	1571.1538
10CR	253.0859	1753.7728	253.0859	1618.79825	161.7764	1539.3974	304.6999	1379.60085	352.34435	1432.19985	462.50675	1591.00155	608.40495	1798.44255	795.00335	1550.3112	777.13545	1478.84945	1224.7687	1370.6669	1176.1294	1190.02775	1908.6148	1874.8687	2346.3094	1550.3112	2201.40605	1313.1035	1390.51465	936.932
10DL	706.66855	1396.4739	742.40435	1277.3677	674.91215	1166.21045	835.6937	1062.98245	870.43465	1117.57115	939.9067	1308.1391	1000.45465	1520.53465	1226.74855	1345.85475	1228.73825	1279.3574	1641.6207	1282.3321	1660.48345	1111.62175	2224.2285	1913.56935	2652.999	1670.4024	2618.25805	1466.9408	1925.48785	916.0894
10DR	514.12075	1310.11895	549.8467	1190.02775	485.33905	1089.7843	649.10515	987.55115	682.85125	1044.12955	747.3589	1227.7434	806.912	1446.0982	1038.1703	1272.4033	1044.12955	1206.9008	1475.87475	1221.78415	1481.82415	1034.20075	1985.0311	1857.0008	2447.5477	1637.65115	2446.55285	1442.12865	1737.8946	862.49555
10EL	526.0294	1271.40845	512.13105	1391.5095	431.7452	1467.93565	556.8008	1632.68675	597.49115	1581.0826	726.5163	1435.17455	848.5972	1269.4286	994.4954	1503.6616	977.62235	1566.1894	1379.60085	1713.08245	1338.90065	1890.7469	2080.32	1300.2	2424.72525	1694.22955	2317.5277	1874.8687	1530.46345	2157.73115
10ER	734.4554	712.6278	811.8764	604.4354	789.0441	511.14605	981.60175	450.5981	991.5207	516.1006	1000.45465	733.4704	966.70855	910.14	1236.67735	826.75975	1249.58085	780.12	1667.4277	948.84065	1755.7625	782.09985	1923.49815	1728.96065	2440.60345	1657.4989	2493.20245	1446.0982	2078.3303	696.73975
10FL	612.38435	1671.39725	636.20165	1527.4789	568.70945	1431.205	723.5416	1292.25105	751.32845	1377.61115	859.52085	1561.225	933.9573	1766.6763	1185.06335	1566.1894	1175.13455	1494.72765	1588.02685	1454.0373	1590.01655	1284.31195	2259.9643	2063.44695	2636.12595	1760.7269	2609.33395	1558.2503	1857.99565	1056.0382
10FR	2047.5589	1931.43725	2041.6095	1793.47815	2145.8225	1720.03655	2024.73645	1545.3468	1965.18335	1584.0573	1850.05655	1743.85385	1681.32605	1917.5389	1546.34165	1671.39725	1541.37725	1593.9861	1120.54585	1413.34695	1193.9973	1240.6469	339.44085	1813.3259	57.5634	1397.4589	161.7764	1218.80945	1017.3277	960.75915
10GL	2260.95915	1085.81475	2280.8069	1220.79915	2343.3347	1285.3068	2266.90855	1444.1085	2215.29455	1405.40785	2092.22865	1251.5607	1941.36605	1080.85035	1854.0261	1325.99715	1855.0111	1382.57555	1445.10335	1544.35195	1503.6616	1723.01125	732.47555	1169.18515	387.07545	1578.09805	480.37465	1745.8337	1325.01215	1990.99035
10GR	581.61295	1787.5189	616.3539	1683.3059	508.1615	1597.95565	627.2677	1450.06775	676.892	1489.76325	780.12	1645.59025	915.09455	1814.32075	1049.0841	1585.05215	1039.16515	1528.47375	1462.97125	1392.50435	1393.48935	1229.72325	2182.5433	1776.6051	2514.04505	1411.35725	2411.82175	1229.72325	1609.8643	966.70855
10HL	334.47645	1021.29725	371.19725	902.19105	346.3851	809.8867	474.4154	682.85125	500.2224	762.2521	604.4354	952.8102	673.9173	1187.05305	897.2365	1014.353	857.53115	931.9676	1325.99715	950.83035	1370.6669	765.2268	1890.7469	1643.6104	2369.1417	1429.22515	2363.18245	1227.7434	1646.5851	594.51645
10HR	510.1512	1423.2659	573.67385	1321.0426	535.9582	1211.8652	691.7852	1109.63205	723.5416	1170.18	790.03895	1382.57555	813.8661	1590.01655	1073.9061	1433.1947	1061.9876	1360.7381	1509.62085	1403.41815	1576.1182	1204.9111	1999.9243	2098.17805	2514.04505	1909.5998	2516.03475	1719.0417	1866.9296	1041.145
11AL	2122.0052	1585.05215	2107.112	1462.97125	2203.3859	1398.45375	2074.36075	1254.5354	2020.7669	1302.17985	1909.5998	1465.94595	1774.62525	1671.39725	1601.9252	1410.3624	1616.80855	1334.9311	1156.28165	1212.8502	1199.9467	1009.3886	431.7452	1694.22955	50.6093	1322.0276	119.09635	1133.44935	994.4954	732.47555
11AR	480.37465	1346.83975	513.1259	1483.81385	440.6693	1556.27045	604.4354	1691.245	646.1206	1635.6713	759.2774	1448.07805	816.8408	1219.8043	1022.2921	1447.09305	1022.2921	1501.68175	1498.6972	1549.31635	1522.52435	1748.81825	2125.97475	963.73385	2558.7148	1257.51995	2513.06005	1431.205	1749.80325	1993.96505
11BL	224.3042	988.546	203.4616	1113.6016	152.84245	1201.9364	251.10605	1358.75825	298.74065	1308.1391	442.659	1130.47465	547.86685	973.6528	724.53645	1198.9617	722.54675	1246.5963	1125.51025	1380.58585	1114.59645	1569.1641	1857.99565	948.84065	2226.2182	1312.10865	2154.75645	1504.65645	1322.0276	1836.1582
11BR	2248.05565	1420.2912	2201.40605	1547.3365	2267.9034	1648.5748	2119.02065	1775.61025	2080.32	1723.01125	2016.79735	1543.36695	1905.63025	1317.07305	1725.98595	1518.5548	1724.0061	1587.032	1216.81975	1613.83385	1205.90595	1807.3765	648.1103	1036.19045	205.4513	1327.98685	235.218	1538.40255	970.6781	2005.8737
11CL	529.0041	953.80505	510.1512	1094.7487	389.06515	1145.36785	466.4763	1349.8243	520.08	1294.24075	709.64325	1160.2512	888.30255	999.4598	992.51555	1276.37285	962.739	1339.8955	1352.799	1552.3009	1274.393	1740.87915	2221.2538	1282.3321	2460.4512	1711.1026	2344.32955	1877.8434	1456.01715	2053.51815
11CR	812.87125	1374.63645	821.8052	1518.5548	723.5416	1587.032	838.67825	1748.81825	874.4042	1702.16865	1026.26165	1566.1894	1155.2868	1391.5095	1312.10865	1672.3921	1252.55555	1719.0417	1659.4886	1906.6251	1613.83385	2079.32515	2333.4059	1538.40255	2673.8416	1974.1173	2585.5068	2140.8581	1738.88945	2330.4312
11DL	2328.45135	1251.5607	2337.37545	1408.38255	2426.7051	1487.7834	2324.47195	1661.46845	2243.09125	1608.86945	2146.81735	1449.0729	1979.0817	1256.5251	1813.3259	1501.68175	1838.13805	1570.15895	1417.3165	1729.9555	1476.85975	1904.64525	680.86155	1322.0276	358.29375	1712.0876	436.69975	1894.71645	1282.3321	2191.47725
11DR	477.39995	898.2215	421.8164	1001.4495	313.63385	1060.00775	397.9991	1240.6469	457.54235	1208.88065	618.33375	1060.00775	779.12515	916.0894	899.21635	1179.1041	862.49555	1242.62675	1220.79915	1461.9764	1141.38845	1628.7172	2033.6704	1181.0938	2347.30425	1645.59025	2220.25895	1832.18865	1304.16955	1950.3
11EL	611.3895	1464.9511	656.0494	1585.05215	601.4607	1685.2956	724.53645	1790.50345	783.0947	1736.9096	870.43465	1563.2147	912.11985	1357.7634	1155.2868	1551.30605	1147.3477	1616.80855	1570.15895	1634.67645	1624.74765	1835.16335	2242.0964	981.60175	2665.9025	1274.393	2662.9278	1520.53465	1884.78765	2029.70085
11ER	2126.9696	1146.35285	2041.6095	1236.67735	2066.42165	1326.992	1902.65555	1400.44345	1885.7825	1326.992	1870.89915	1139.4086	1882.8078	926.0182	1610.85915	1040.16	1591.00155	1108.6372	1174.14955	966.70855	1147.3477	1150.3224	911.125	248.1215	377.1565	340.42585	339.44085	525.03455	821.8052	1249.58085
11FR	2269.88325	1041.145	2261.94415	1190.02775	2304.6242	1273.39815	2145.8225	1393.48935	2104.1373	1338.90065	2028.706	1146.35285	1961.2138	961.74415	1736.9096	1120.54585	1731.9452	1207.89565	1289.27635	1215.83475	1276.37285	1411.35725	681.8564	597.49115	244.15195	897.2365	289.8067	1089.7843	1024.27195	1597.95565
11GL	2411.82175	1360.7381	2408.8372	1495.7225	2493.20245	1580.08775	2345.31455	1741.86415	2292.71555	1698.1991	2184.533	1524.5042	2062.4521	1319.0529	1889.75205	1584.0573	1911.5895	1654.5242	1433.1947	1780.57465	1518.5548	1981.06155	747.3589	1332.95125	368.22255	1703.1635	459.53205	1884.78765	1325.01215	2220.25895
11GR	825.77475	748.35375	834.7087	896.24165	758.28255	981.60175	837.6834	1145.36785	894.25195	1108.6372	1055.04335	953.80505	1198.9617	795.9982	1345.85475	1051.0738	1316.0782	1118.566	1694.22955	1311.1138	1632.68675	1485.7937	2467.39545	963.73385	2785.0087	1335.92595	2673.8416	1515.57025	1789.5086	1750.7981
11HL	435.71475	1143.37815	472.43555	1279.3574	401.96865	1383.5704	551.8364	1512.59555	593.5216	1459.99655	700.7093	1260.49465	733.4704	1062.98245	964.7287	1243.6216	982.58675	1312.10865	1408.38255	1368.6772	1399.4486	1553.2859	2030.68585	788.0591	2469.38515	1092.759	2442.5833	1293.2459	1618.79825	1734.9199
11HR	524.04955	1432.19985	563.74505	1311.1138	460.5269	1210.87035	601.4607	1079.8555	648.1103	1130.47465	775.1556	1322.0276	843.6328	1511.6007	1042.13985	1316.0782	1027.2565	1245.6113	1487.7834	1180.09895	1467.93565	963.73385	2133.91385	1706.1382	2511.07035	1406.39285	2481.2938	1213.84505	1688.2703	758.28255
12AL	497.2477	660.01895	461.5119	813.8661	354.3242	872.42435	455.5625	1057.03305	512.13105	1020.3024	658.0391	870.43465	795.00335	700.7093	947.85565	977.62235	917.08425	1047.10425	1281.33725	1254.5354	1214.8399	1435.17455	2053.51815	910.14	2341.345	1333.9461	2232.1676	1523.50935	1356.76855	1685.2956
12AR	792.02865	1597.95565	767.2165	1465.94595	655.05455	1381.5807	774.16075	1222.779	825.77475	1266.4539	939.9067	1425.2556	1072.91125	1611.84415	1259.4998	1371.66175	1234.68765	1302.17985	1616.80855	1160.2512	1569.1641	979.61205	2322.4921	1603.90505	2713.54695	1231.71295	2618.25805	1016.33285	1804.39195	686.8208
12BR	322.5678	2023.7416	322.5678	1888.7572	200.4869	1816.31045	334.47645	1642.61555	368.22255	1684.30075	520.08	1851.04155	655.05455	2019.77205	848.5972	1759.73205	823.78505	1691.245	1252.55555	1543.36695	1193.9973	1335.92595	1994.9599	1968.15805	2329.43635	1566.1894	2208.3503	1391.5095	1363.7128	1112.60675
12CL	2409.83205	1148.34255	2395.9337	1271.40845	2481.2938	1344.8599	2359.2129	1502.66675	2305.61905	1455.03215	2192.4721	1289.27635	2053.51815	1098.71825	1893.7216	1324.0173	1899.68085	1406.39285	1529.4686	1502.66675	1532.4433	1711.1026	729.50085	1038.1703	376.16165	1411.35725	449.60325	1586.03715	1298.2103	1958.2391
12CR	2345.31455	930.9826	2339.36515	1089.7843	2416.7763	1190.02775	2274.84765	1335.92595	2227.21305	1284.31195	2144.82765	1098.71825	2040.61465	897.2365	1870.89915	1109.63205	1870.89915	1193.00245	1377.61115	1260.49465	1403.41815	1451.0626	687.81565	707.6634	316.60855	1021.29725	394.02955	1217.8146	1185.06335	1670.4024
12DL	985.5713	628.26255	944.8711	756.29285	832.719	823.78505	889.2974	1029.23635	958.76945	977.62235	1153.30695	847.60235	1313.1035	742.40435	1414.33195	1012.3633	1371.66175	1075.88595	1717.052	1340.89035	1663.45815	1535.42785	2608.3391	1097.7234	2808.826	1577.11305	2677.81115	1726.9808	1762.70675	1812.3409
12DR	635.2068	1125.51025	683.8461	992.51555	546.872	880.36345	722.54675	762.2521	758.28255	820.81035	839.66325	1036.19045	904.18075	1247.59115	1149.3374	1067.94685	1150.3224	992.51555	1580.08775	971.67295	1598.94065	779.12515	2142.8478	1630.7069	2659.9531	1385.55025	2620.24775	1199.9467	1917.5389	582.6078
12EL	1067.94685	728.506	1001.4495	843.6328	902.19105	859.52085	914.10955	1065.95715	978.6172	1051.0738	1170.18	968.69825	1349.8243	881.34845	1394.4842	1169.18515	1342.8702	1221.78415	1617.8034	1536.41285	1497.7122	1678.3415	2427.69995	1481.82415	2656.96855	2019.77205	2519.00945	2112.0764	1618.79825	1994.9599
12ER	361.26845	1703.1635	354.3242	1549.31635	206.4363	1469.9155	336.4563	1278.36255	411.8876	1386.5451	562.7502	1516.5651	668.9529	1694.22955	809.8867	1445.10335	837.6834	1401.42845	1228.73825	1241.64175	1177.12425	1065.95715	1988.01565	1642.61555	2312.5633	1242.62675	2194.45195	1044.12955	1363.7128	788.0591
12FR	512.13105	1136.4339	546.872	988.546	496.25285	898.2215	653.0747	778.1303	694.7599	829.7443	771.18605	1012.3633	846.61735	1216.81975	1037.17545	1004.4242	1030.2312	933.9573	1496.71735	886.31285	1491.75295	710.6381	2122.9902	1447.09305	2537.8722	1171.165	2486.2582	999.4598	1743.85385	499.2374
12GL	675.89715	1191.0226	703.69385	1051.0738	662.99365	960.75915	838.67825	853.5616	874.4042	912.11985	956.77975	1124.5154	1023.28695	1330.96155	1231.71295	1155.2868	1215.83475	1066.952	1711.1026	1083.82505	1728.96065	898.2215	2239.1217	1732.9302	2695.67905	1490.7581	2642.0852	1284.31195	1980.07655	692.7702
12GR	289.8067	1537.4077	307.6746	1402.4233	242.1721	1321.0426	342.41555	1167.19545	391.045	1212.8502	529.0041	1391.5095	638.1815	1610.85915	795.9982	1371.66175	780.12	1276.37285	1255.53025	1157.2765	1214.8399	957.7746	1950.3	1639.64085	2325.4668	1280.3424	2206.37045	1085.81475	1399.4486	719.57205
12HL	2328.45135	1725.98595	2378.07565	1589.0217	2456.48165	1526.4939	2393.95385	1319.0529	2332.4209	1347.8346	2146.81735	1478.84945	2019.77205	1626.73735	1931.43725	1380.58585	1954.26955	1303.1747	1553.2859	1062.98245	1643.6104	899.21635	726.5163	1300.2	505.1868	784.08955	651.085	636.20165	1530.46345	568.70945
12HR	2746.2982	1079.8555	2728.4303	1103.6728	2728.4303	1103.6728	2728.4303	1103.6728	2728.4303	1103.6728	2728.4303	1103.6728	2728.4303	1103.6728	2728.4303	1103.6728	2728.4303	1103.6728	2728.4303	1103.6728	2728.4303	1103.6728	2728.4303	1103.6728	2728.4303	1103.6728	2728.4303	1103.6728	2728.4303	1103.6728
13AL	2424.72525	1615.8137	2395.9337	1488.77825	2396.92855	1386.5451	2272.8678	1263.46935	2239.1217	1318.05805	2198.43135	1511.6007	2126.9696	1730.95035	1881.81295	1540.3824	1895.7113	1459.99655	1389.5198	1450.06775	1403.41815	1261.4895	886.31285	2116.04595	439.6843	1873.87385	443.65385	1674.37195	1103.6728	1071.9164
13AR	486.3339	960.75915	523.0547	1104.66765	443.65385	1193.00245	550.84155	1345.85475	601.4607	1297.21545	765.2268	1116.5763	831.72415	944.8711	990.52585	1172.15985	962.739	1243.6216	1425.2556	1368.6772	1389.5198	1551.30605	2143.84265	890.2824	2514.04505	1245.6113	2460.4512	1449.0729	1609.8643	1798.44255
13CR	208.426	1505.6513	268.9641	1377.61115	155.81715	1292.25105	328.5172	1160.2512	331.4919	1214.8399	454.56765	1363.7128	557.79565	1587.032	728.506	1393.48935	730.48585	1307.14425	1177.12425	1276.37285	1173.1547	1124.5154	1777.59995	1890.7469	2254.00505	1603.90505	2195.4468	1410.3624	1444.1085	910.14
13DR	1883.7928	1122.53555	1936.40165	1240.6469	2030.68585	1300.2	1938.3815	1472.8902	1879.82325	1440.13895	1708.11805	1300.2	1553.2859	1157.2765	1477.8546	1410.3624	1506.6363	1472.8902	1081.8452	1654.5242	1157.2765	1817.29545	331.4919	1360.7381	27.78685	1794.473	155.81715	1966.1782	1048.0991	2107.112
13FR	2019.77205	1441.1338	1995.95475	1581.0826	2072.3809	1645.59025	1975.11215	1798.44255	1911.5895	1758.7372	1819.28515	1596.9608	1706.1382	1432.19985	1520.53465	1675.3668	1529.4686	1746.82855	1145.36785	1878.83825	1205.90595	2070.3912	452.5878	1497.7122	78.406	1887.7722	170.71035	2065.4268	1042.13985	2328.45135
13GR	733.4704	1319.0529	774.16075	1194.99215	759.2774	1106.65735	880.36345	987.55115	925.02335	1050.07895	986.5563	1237.6722	1045.11455	1479.8443	1281.33725	1270.42345	1262.48435	1185.06335	1693.2347	1173.1547	1699.1841	984.57645	2270.8781	1815.3156	2719.49635	1528.47375	2701.6383	1314.0885	1989.00065	761.25725
13HR	858.526	496.25285	781.105	599.48085	634.21195	594.51645	636.20165	792.02865	707.6634	791.0338	938.9217	747.3589	1147.3477	665.9782	1114.59645	931.9676	1048.0991	1042.13985	1317.07305	1398.45375	1170.18	1508.626	2194.45195	1472.8902	2269.88325	1995.95475	2082.29985	2094.2085	1158.2615	1782.56435
14AL	718.5772	1943.3459	702.699	1822.25985	579.62325	1749.80325	674.91215	1564.20955	731.4807	1601.9252	857.53115	1744.8487	1034.20075	1909.5998	1178.1191	1656.5139	1143.37815	1598.94065	1549.31635	1389.5198	1472.8902	1197.96685	2385.0199	1737.8946	2697.66875	1344.8599	2563.66935	1174.14955	1672.3921	911.125
14AR	2197.4365	1014.353	2174.6042	1112.60675	2265.9137	1187.05305	2109.1017	1327.98685	2062.4521	1277.3677	1973.12245	1119.56085	1847.072	920.05895	1667.4277	1126.5051	1677.3565	1202.93125	1222.779	1277.3677	1223.77385	1462.97125	524.04955	734.4554	129.02515	1070.92155	194.52765	1314.0885	982.58675	1740.87915
14BL	2068.4015	1481.82415	2031.6807	1356.76855	2090.23895	1276.37285	2015.8025	1126.5051	1966.1782	1172.15985	1851.04155	1347.8346	1719.0417	1508.626	1535.42785	1270.42345	1544.35195	1190.02775	1122.53555	1089.7843	1158.2615	907.15545	437.6946	1562.21985	63.5128	1161.24605	133.98955	985.5713	1000.45465	630.2424
14BR	2240.11655	1938.3815	2249.04065	1799.4374	2370.13655	1725.98595	2259.9643	1550.3112	2203.3859	1589.0217	2041.6095	1749.80325	1896.6963	1913.56935	1750.7981	1656.5139	1780.57465	1588.02685	1401.42845	1398.45375	1463.9661	1219.8043	625.278	1767.67115	270.9538	1348.82945	417.84685	1154.29195	1277.3677	908.1503
14CL	2449.5374	1102.6878	2400.8981	1233.6928	2472.35985	1335.92595	2335.3956	1467.93565	2287.75115	1415.3268	2195.4468	1219.8043	2100.16775	1021.29725	1886.77735	1213.84505	1901.6607	1297.21545	1425.2556	1368.6772	1446.0982	1552.3009	759.2774	809.8867	361.26845	1135.43905	405.9382	1331.9564	1179.1041	1791.48845
14CR	687.81565	1705.14335	725.5313	1838.13805	636.20165	1950.3	802.94245	2074.36075	842.6478	2017.7922	941.8964	1808.3615	1023.28695	1602.9102	1227.7434	1839.1329	1233.6928	1895.7113	1737.8946	1942.3609	1740.87915	2111.08155	2313.55815	1313.1035	2719.49635	1581.0826	2713.54695	1787.5189	1985.0311	2304.6242
1AL	1946.33045	1738.88945	1927.4677	1628.7172	1971.1426	1529.4686	1829.21395	1393.48935	1789.5086	1443.1235	1687.27545	1634.67645	1635.6713	1829.21395	1459.99655	1613.83385	1450.06775	1527.4789	967.7034	1453.04245	1051.0738	1278.36255	448.61825	1999.9243	39.6955	1669.4174	78.406	1460.98155	792.02865	1035.1956
1AR	2316.53285	1116.5763	2281.80175	1226.74855	2352.26865	1300.2	2247.0608	1459.0017	2200.4112	1413.34695	2094.2085	1244.61645	1971.1426	1072.91125	1820.28	1287.2965	1828.2191	1369.67205	1403.41815	1492.7478	1435.17455	1674.37195	735.45025	1020.3024	377.1565	1336.9208	456.55735	1532.4433	1253.5504	1901.6607
1BL	500.2224	1437.16425	544.89215	1566.1894	464.49645	1675.3668	635.2068	1794.473	670.9426	1738.88945	754.313	1535.42785	821.8052	1334.9311	1058.01805	1513.5904	1059.0129	1586.03715	1480.83915	1617.8034	1495.7225	1802.4121	2042.60435	1002.44435	2573.59815	1245.6113	2517.0296	1460.98155	1783.54935	1982.0564
1BR	2189.4974	1809.35635	2130.93915	1912.58435	2212.31985	2024.73645	2037.63995	2141.85295	2001.90415	2085.27455	1940.3712	1881.81295	1858.98065	1680.3312	1659.4886	1865.93475	1687.27545	1944.34075	1216.81975	1941.36605	1146.35285	2126.9696	613.36935	1310.11895	131.99985	1543.36695	191.55295	1753.7728	869.4398	2333.4059
1CL	2004.8887	1234.68765	1896.6963	1348.82945	1910.59465	1463.9661	1702.16865	1519.5398	1712.0876	1453.04245	1715.07215	1242.62675	1712.0876	1018.32255	1439.1441	1119.56085	1414.33195	1206.9008	1003.42935	1074.8911	922.04865	1246.5963	716.59735	266.98425	191.55295	286.832	131.005	503.20695	582.6078	1303.1747
1CR	341.4207	806.912	336.4563	979.61205	227.2789	1020.3024	327.52235	1219.8043	375.1668	1180.09895	535.9582	1018.32255	679.8667	854.55645	813.8661	1109.63205	786.0694	1177.12425	1198.9617	1344.8599	1152.3121	1535.42785	1991.9852	976.63735	2278.8172	1377.61115	2195.4468	1557.25545	1378.606	1800.4224
1DR	507.1765	1187.05305	533.9685	1254.5354	425.78595	1347.8346	566.71975	1504.65645	616.3539	1456.01715	750.34345	1266.4539	867.45995	1077.87565	1060.00775	1308.1391	1042.13985	1381.5807	1456.01715	1502.66675	1425.2556	1692.23985	2170.63465	996.4851	2514.04505	1367.6922	2469.38515	1527.4789	1669.4174	1953.2747
1EL	492.2833	1298.2103	562.7502	1415.3268	479.3798	1518.5548	638.1815	1632.68675	675.89715	1581.0826	771.18605	1387.53995	826.75975	1179.1041	1025.2668	1351.80415	1019.3174	1420.2912	1455.03215	1458.00685	1477.8546	1654.5242	1970.14775	878.37375	2291.7207	1155.2868	2310.58345	1384.5554	1660.48345	1830.19895
1FL	2437.6189	1744.8487	2429.6798	1632.68675	2504.1261	1541.37725	2372.1164	1378.606	2319.5174	1424.26075	2173.60935	1605.89475	2068.4015	1804.39195	1902.65555	1573.1435	1945.3356	1514.5754	1438.1591	1390.51465	1462.97125	1206.9008	726.5163	1901.6607	352.34435	1505.6513	405.9382	1312.10865	1268.43375	951.8252
1FR	532.97365	1540.3824	579.62325	1391.5095	484.3442	1298.2103	647.11545	1177.12425	690.79035	1233.6928	765.2268	1425.2556	855.5513	1649.5598	1071.9164	1449.0729	1068.9417	1381.5807	1532.4433	1360.7381	1571.1538	1149.3374	2224.2285	1991.9852	2587.4965	1685.2956	2536.87735	1433.1947	1789.5086	919.0641
1GL	712.6278	1234.68765	696.73975	1372.64675	573.67385	1440.13895	676.892	1621.77295	733.4704	1585.05215	902.19105	1431.205	1053.0635	1274.393	1189.0329	1538.40255	1157.2765	1605.89475	1528.47375	1811.34605	1459.99655	1988.01565	2318.52255	1475.87475	2658.95825	1926.47285	2570.62345	2075.3556	1663.45815	2283.7816
1GR	2578.56255	1699.1841	2561.6895	1552.3009	2612.30865	1463.9661	2472.35985	1318.05805	2432.66435	1371.66175	2333.4059	1557.25545	2236.147	1758.7372	2019.77205	1539.3974	2029.70085	1463.9661	1610.85915	1386.5451	1620.7781	1193.9973	964.7287	1967.17305	521.065	1655.51905	587.56235	1441.1338	1357.7634	958.76945
1HL	2542.82675	1333.9461	2483.2835	1442.12865	2423.7304	1535.42785	2304.6242	1653.52935	2273.86265	1590.01655	2254.9999	1364.70765	2193.46695	1135.43905	1928.46255	1308.1391	1906.6251	1403.41815	1436.1694	1374.63645	1390.51465	1566.1894	979.61205	677.88685	443.65385	899.21635	473.4304	1050.07895	1148.34255	1756.75735
1HR	2338.3703	1431.205	2287.75115	1549.31635	2340.36	1658.49375	2177.5789	1789.5086	2134.9087	1736.9096	2028.706	1535.42785	1982.0564	1342.8702	1778.5948	1526.4939	1782.56435	1602.9102	1308.1391	1660.48345	1253.5504	1854.0261	671.9276	1085.81475	339.44085	1349.8243	295.76595	1587.032	1074.8911	2080.32
2AL	723.5416	1089.7843	740.41465	1211.8652	628.26255	1270.42345	752.3233	1439.1441	810.88155	1400.44345	973.6528	1237.6722	1111.62175	1077.87565	1224.7687	1318.05805	1187.05305	1384.5554	1585.05215	1530.46345	1561.225	1729.9555	2437.6189	1169.18515	2776.07475	1571.1538	2661.93295	1738.88945	1780.57465	2008.85825
2AR	2244.0861	1052.06865	2229.1929	1198.9617	2282.78675	1295.2356	2126.9696	1442.12865	2079.32515	1387.53995	1993.96505	1188.03805	1887.7722	985.5713	1662.4633	1203.9261	1678.3415	1293.2459	1208.88065	1356.76855	1227.7434	1555.2756	512.13105	767.2165	136.96425	1113.6016	158.8017	1341.8852	976.63735	1827.22425
2BL	1976.09715	1681.32605	1942.3609	1551.30605	2048.55375	1466.9408	1919.5286	1313.1035	1870.89915	1356.76855	1770.64585	1523.50935	1637.65115	1726.9808	1467.93565	1476.85975	1477.8546	1410.3624	1043.1347	1282.3321	1072.91125	1095.7337	380.1312	1759.73205	9.91895	1362.7278	107.1877	1166.21045	880.36345	863.4904
2BR	2018.7772	1497.7122	1945.3356	1633.6816	2002.899	1703.1635	1858.98065	1850.05655	1805.3868	1740.87915	1738.88945	1547.3365	1684.30075	1344.8599	1443.1235	1503.6616	1428.2303	1578.09805	1010.38345	1562.21985	1005.41905	1781.5695	499.2374	933.9573	57.5634	1136.4339	89.3198	1379.60085	746.3739	1934.41195
2CL	2390.97915	1623.7528	2390.97915	1487.7834	2469.38515	1398.45375	2366.167	1252.55555	2317.5277	1298.2103	2203.3859	1477.8546	2119.02065	1655.51905	1958.2391	1426.25045	1972.1276	1367.6922	1523.50935	1255.53025	1535.42785	1071.9164	833.71385	1732.9302	392.03985	1352.799	481.3695	1130.47465	1316.0782	811.8764
2DL	2401.89295	1106.65735	2360.20775	1230.7181	2425.71025	1338.90065	2260.95915	1447.09305	2225.22335	1390.51465	2139.86325	1185.06335	2108.10685	992.51555	1886.77735	1152.3121	1883.7928	1220.79915	1415.3268	1215.83475	1418.3015	1408.38255	860.50585	588.5572	412.88245	844.62765	460.5269	1050.07895	1164.22075	1594.9711
2DR	347.37995	1346.83975	375.1668	1496.71735	271.94865	1594.9711	442.659	1713.08245	485.33905	1660.48345	596.4963	1461.9764	659.0241	1268.43375	832.719	1458.00685	812.87125	1528.47375	1267.4389	1596.9608	1253.5504	1780.57465	1896.6963	1017.3277	2305.61905	1333.9461	2270.8781	1497.7122	1473.88505	1976.09715
2EL	2195.4468	1514.5754	2218.2791	1381.5807	2310.58345	1313.1035	2225.22335	1145.36785	2172.62435	1178.1191	2048.55375	1317.07305	1914.5642	1463.9661	1838.13805	1223.77385	1858.98065	1188.03805	1471.9052	970.6781	1540.3824	808.9017	755.298	1265.45905	462.50675	877.3789	643.1459	707.6634	1437.16425	532.97365
2ER	707.6634	1561.225	738.42495	1437.16425	652.07985	1335.92595	801.9476	1216.81975	840.6581	1268.43375	937.92685	1459.0017	983.5816	1649.5598	1166.21045	1475.87475	1141.38845	1410.3624	1566.1894	1378.606	1602.9102	1148.34255	2191.47725	1886.77735	2579.5574	1617.8034	2522.979	1430.22	1831.1938	973.6528
2FR	404.94335	1520.53465	436.69975	1390.51465	345.39025	1289.27635	503.20695	1159.25635	544.89215	1210.87035	607.41995	1384.5554	762.2521	1570.15895	935.93715	1378.606	920.05895	1316.0782	1359.74325	1259.4998	1375.6313	1080.85035	2002.899	1818.2903	2414.79645	1520.53465	2388.98945	1327.98685	1664.453	853.5616
2GL	596.4963	709.64325	581.61295	845.6225	482.36435	905.1756	560.77035	1091.76415	621.30845	1064.97215	782.09985	937.92685	937.92685	813.8661	1045.11455	1083.82505	995.49025	1129.4798	1391.5095	1369.67205	1302.17985	1530.46345	2208.3503	1145.36785	2444.573	1628.7172	2287.75115	1781.5695	1405.40785	1855.0111
2GR	588.5572	1651.5495	594.51645	1516.5651	524.04955	1435.17455	640.1712	1276.37285	691.7852	1320.04775	836.68855	1494.72765	934.95215	1666.43285	1094.7487	1411.35725	1060.00775	1353.79385	1484.8087	1215.83475	1440.13895	1035.1956	2218.2791	1664.453	2593.4459	1306.1494	2502.1364	1125.51025	1693.2347	788.0591
2HL	715.6025	1354.7887	741.4095	1212.8502	652.07985	1136.4339	793.01365	975.6425	844.62765	1023.28695	987.55115	1213.84505	1099.70325	1405.40785	1287.2965	1149.3374	1280.3424	1061.0026	1702.16865	955.79475	1666.43285	764.23195	2447.5477	1455.03215	2778.0546	1103.6728	2707.5877	926.0182	1855.0111	502.2121
2HR	2418.766	1956.2494	2415.7913	1820.28	2557.71995	1747.8234	2502.1364	1544.35195	2461.44605	1569.1641	2243.09125	1694.22955	2086.2694	1832.18865	1973.12245	1519.5398	1983.05125	1452.0476	1633.6816	1191.0226	1741.86415	1025.2668	734.4554	1378.606	535.9582	899.21635	709.64325	746.3739	1646.5851	734.4554
3AL	2106.127	1176.1294	2104.1373	1312.10865	2218.2791	1386.5451	2109.1017	1525.49905	2056.49285	1485.7937	1910.59465	1324.0173	1781.5695	1160.2512	1633.6816	1418.3015	1650.55465	1493.7328	1187.05305	1664.453	1276.37285	1859.9755	484.3442	1291.26605	120.0912	1664.453	120.0912	1888.7572	1080.85035	2104.1373
3AR	2000.91915	1415.3268	2005.8737	1559.24515	2096.1982	1631.70175	1975.11215	1812.3409	1920.52345	1772.63555	1767.67115	1606.87975	1631.70175	1439.1441	1497.7122	1708.11805	1524.5042	1772.63555	1066.952	1947.31545	1176.1294	2128.94945	366.23285	1563.2147	57.5634	1955.25455	87.33995	2148.7972	969.68325	2419.76085
3BL	2338.3703	1778.5948	2332.4209	1638.646	2457.4765	1590.01655	2419.76085	1383.5704	2353.2635	1410.3624	2147.8122	1539.3974	1959.23395	1675.3668	1879.82325	1374.63645	1935.4068	1308.1391	1499.69205	1004.4242	1632.68675	812.87125	669.94775	1211.8652	445.6337	737.43995	600.46585	571.68415	1562.21985	514.12075
3CL	465.4913	926.0182	514.12075	822.7902	479.3798	723.5416	620.32345	574.6687	649.10515	642.15105	721.56175	839.66325	779.12515	1034.20075	989.54085	837.6834	990.52585	787.06425	1479.8443	798.9729	1500.6869	594.51645	1977.092	1381.5807	2434.6442	1113.6016	2431.6695	956.77975	1694.22955	397.9991
3CR	494.273	1009.3886	518.0903	1115.5913	372.1921	1184.0685	465.4913	1382.57555	532.97365	1312.10865	694.7599	1152.3121	829.7443	974.64765	932.96245	1212.8502	915.09455	1275.38785	1372.64675	1463.9661	1327.98685	1647.57995	2045.57905	1082.8302	2419.76085	1465.94595	2333.4059	1609.8643	1509.62085	1901.6607
3DL	537.93805	1325.01215	586.57735	1445.10335	497.2477	1551.30605	692.7702	1651.5495	726.5163	1594.9711	795.00335	1419.29635	840.6581	1212.8502	1078.86065	1415.3268	1080.85035	1487.7834	1564.20955	1535.42785	1607.8746	1735.91475	2191.47725	936.932	2596.43045	1198.9617	2570.62345	1419.29635	1822.25985	1910.59465
3DR	2222.24865	1599.9355	2155.7513	1728.96065	2203.3859	1839.1329	2031.6807	1937.3965	2023.7416	1858.98065	1987.0208	1668.42255	1950.3	1473.88505	1701.1738	1633.6816	1680.3312	1692.23985	1166.21045	1678.3415	1157.2765	1850.05655	698.72945	1002.44435	244.15195	1192.0076	221.3295	1392.50435	875.39905	2027.71115
3EL	2554.74525	1208.88065	2520.0043	1334.9311	2603.3747	1444.1085	2442.5833	1591.00155	2397.9234	1537.4077	2282.78675	1334.9311	2203.3859	1135.43905	1999.9243	1363.7128	2010.8381	1450.06775	1536.41285	1496.71735	1530.46345	1695.21455	851.58175	911.125	405.9382	1267.4389	445.6337	1480.83915	1259.4998	1926.47285
3ER	2261.94415	1023.28695	2272.8678	1164.22075	2321.49725	1262.48435	2279.81205	1442.12865	2217.28425	1410.3624	2040.61465	1240.6469	1900.66585	1080.85035	1820.28	1362.7278	1847.072	1397.4589	1459.99655	1610.85915	1519.5398	1838.13805	595.5113	1381.5807	313.63385	1860.97035	454.56765	2032.67555	1374.63645	2166.6651
3FL	507.1765	835.6937	520.08	974.64765	401.96865	1044.12955	516.1006	1219.8043	571.68415	1183.0835	729.50085	1027.2565	869.4398	868.4548	1023.28695	1124.5154	995.49025	1191.0226	1379.60085	1383.5704	1322.0276	1559.24515	2146.81735	1032.21105	2465.4156	1458.00685	2347.30425	1660.48345	1475.87475	1871.88415
3FR	429.7555	1690.26	449.60325	1547.3365	388.0703	1458.00685	526.0294	1297.21545	597.49115	1367.6922	667.95805	1537.4077	795.9982	1719.0417	966.70855	1503.6616	983.5816	1429.22515	1378.606	1308.1391	1422.2809	1102.6878	2045.57905	1859.9755	2511.07035	1497.7122	2386.01475	1304.16955	1577.11305	899.21635
3GL	785.07455	1100.6981	825.77475	985.5713	802.94245	877.3789	939.9067	767.2165	972.6678	823.78505	1032.21105	1006.4139	1089.7843	1206.9008	1338.90065	1026.26165	1308.1391	958.76945	1750.7981	950.83035	1769.66085	766.22165	2256.9896	1572.14865	2724.46075	1375.6313	2698.65375	1167.19545	2065.4268	574.6687
3GR	581.61295	2609.33395	555.80595	2467.39545	422.81125	2432.66435	491.28845	2247.0608	553.81625	2271.87295	747.3589	2387.9946	894.25195	2522.979	962.739	2280.8069	916.0894	2163.6904	1335.92595	1904.64525	1203.9261	1736.9096	2075.3556	2128.94945	2314.553	1677.3565	2165.67025	1540.3824	1279.3574	1460.98155
3HL	605.43025	1653.52935	619.3286	1529.4686	512.13105	1452.0476	628.26255	1254.5354	682.85125	1296.23045	842.6478	1519.5398	927.99805	1683.3059	1099.70325	1427.23545	1075.88595	1363.7128	1506.6363	1235.6825	1455.03215	1058.01805	2265.9137	1666.43285	2630.17655	1284.31195	2612.30865	1107.64235	1801.41725	799.96775
3HR	538.9329	1498.6972	610.39465	1380.58585	556.8008	1300.2	717.58235	1194.99215	751.32845	1253.5504	802.94245	1439.1441	794.0085	1618.79825	1088.78945	1481.82415	1083.82505	1393.48935	1539.3974	1430.22	1585.05215	1227.7434	2008.85825	2080.32	2478.3191	1840.12775	2472.35985	1640.62585	1786.5339	1082.8302
4AL	429.7555	1808.3615	462.50675	1903.6504	407.91805	2017.7922	483.34935	2163.6904	546.872	2107.112	662.99365	1919.5286	762.2521	1732.9302	926.0182	1967.17305	926.0182	2029.70085	1379.60085	2140.8581	1360.7381	2327.4565	2023.7416	1636.6563	2464.42075	2012.8278	2385.0199	2207.35545	1550.3112	2535.8825
4AR	2213.3147	1232.7078	2197.4365	1354.7887	2289.74085	1425.2556	2210.34	1616.80855	2153.7616	1579.0929	2035.65025	1429.22515	1870.89915	1248.586	1772.63555	1511.6007	1803.40695	1578.09805	1394.4842	1774.62525	1460.98155	1953.2747	618.33375	1420.2912	285.83715	1835.16335	375.1668	2041.6095	1264.4642	2242.0964
4BL	693.76505	1945.3356	690.79035	1832.18865	565.73475	1792.4833	676.892	1607.8746	742.40435	1640.62585	906.17045	1799.4374	1028.2415	1963.2035	1136.4339	1724.9911	1125.51025	1643.6104	1539.3974	1492.7478	1478.84945	1318.05805	2298.6748	1860.97035	2573.59815	1432.19985	2490.22775	1260.49465	1658.49375	1018.32255
4CL	928.9929	1479.8443	673.9173	1318.05805	534.96335	1229.72325	676.892	1082.8302	725.5313	1132.46435	851.58175	1316.0782	955.79475	1504.65645	1127.49995	1265.45905	1112.60675	1181.0938	1575.12335	1090.77915	1547.3365	904.18075	2277.8322	1612.839	2671.86175	1319.0529	2609.33395	1078.86065	1791.48845	657.04425
4CR	2228.19805	1602.9102	2193.46695	1448.07805	2271.87295	1371.66175	2153.7616	1207.89565	2137.8834	1260.49465	1997.9346	1428.2303	1912.58435	1590.01655	1729.9555	1353.79385	1749.80325	1288.2815	1260.49465	1163.2259	1325.01215	972.6678	544.89215	1660.48345	212.39555	1274.393	289.8067	1061.9876	1125.51025	725.5313
4DL	792.02865	619.3286	724.53645	751.32845	592.52675	795.00335	659.0241	1001.4495	724.53645	975.6425	925.02335	853.5616	1099.70325	724.53645	1169.18515	1030.2312	1132.46435	1105.6625	1443.1235	1376.6163	1364.70765	1560.24	2340.36	1214.8399	2570.62345	1695.21455	2422.73555	1856.00595	1478.84945	1863.94505
4DR	767.2165	1414.33195	748.35375	1296.23045	633.22695	1207.89565	756.29285	1040.16	809.8867	1085.81475	948.84065	1247.59115	1095.7337	1451.0626	1294.24075	1213.84505	1270.42345	1140.40345	1699.1841	973.6528	1672.3921	763.24695	2426.7051	1447.09305	2757.212	1056.0382	2670.8669	840.6581	1831.1938	505.1868
4EL	2268.89825	1144.373	2188.50255	1258.5148	2264.9287	1338.90065	2117.0408	1488.77825	2069.39635	1441.1338	1956.2494	1267.4389	1834.1685	1080.85035	1696.2094	1325.99715	1704.1485	1405.40785	1255.53025	1499.69205	1277.3677	1674.37195	553.81625	982.58675	185.5937	1354.7887	244.15195	1566.1894	1064.97215	1916.5539
4FL	2261.94415	1989.9955	2249.04065	1854.0261	2312.5633	1755.7625	2169.6398	1608.86945	2123.98505	1657.4989	2003.89385	1845.09215	1900.66585	2031.6807	1706.1382	1814.32075	1732.9302	1741.86415	1271.40845	1637.65115	1338.90065	1456.01715	669.94775	2143.84265	251.10605	1756.75735	322.5678	1567.18425	1079.8555	1198.9617
4FR	307.6746	1751.79295	346.3851	1654.5242	217.35995	1553.2859	364.253	1374.63645	436.69975	1440.13895	565.73475	1598.94065	634.21195	1785.53905	808.9017	1552.3009	799.96775	1482.819	1230.7181	1369.67205	1215.83475	1174.14955	1935.4068	1812.3409	2313.55815	1456.01715	2218.2791	1265.45905	1404.413	928.9929
4GL	459.53205	1578.09805	470.44585	1444.1085	372.1921	1344.8599	522.05985	1205.90595	566.71975	1255.53025	683.8461	1448.07805	783.0947	1655.51905	993.5104	1427.23545	1008.39375	1364.70765	1422.2809	1278.36255	1406.39285	1094.7487	2083.2947	1816.31045	2484.2685	1488.77825	2448.54255	1276.37285	1681.32605	850.5869
4GR	2248.05565	1177.12425	2161.7007	1279.3574	2202.4009	1384.5554	2023.7416	1485.7937	1990.99035	1424.26075	1932.4321	1220.79915	1897.69115	1022.2921	1647.57995	1173.1547	1634.67645	1250.56585	1160.2512	1210.87035	1151.31725	1403.41815	704.6887	529.99895	262.01985	730.48585	262.01985	939.9067	859.52085	1565.19455
4HL	532.97365	1324.0173	559.7755	1185.06335	529.0041	1038.1703	725.5313	921.0538	761.25725	979.61205	795.9982	1193.00245	847.60235	1423.2659	1105.6625	1253.5504	1104.66765	1181.0938	1579.0929	1185.06335	1595.96595	979.61205	2108.10685	1816.31045	2549.78085	1579.0929	2521.98415	1333.9461	1857.99565	791.0338
4HR	796.99305	680.86155	760.2624	817.83565	655.05455	862.49555	724.53645	1055.04335	786.0694	1027.2565	934.95215	895.2468	1085.81475	749.3486	1159.25635	1018.32255	1173.1547	1085.81475	1587.032	1394.4842	1464.9511	1550.3112	2376.08595	1166.21045	2635.1311	1644.60525	2469.38515	1804.39195	1578.09805	1849.0617
5AL	2171.6295	1664.453	2141.85295	1509.62085	2233.16245	1443.1235	2169.6398	1248.586	2110.09655	1279.3574	1934.41195	1416.32165	1783.54935	1591.00155	1658.49375	1292.25105	1729.9555	1244.61645	1343.86505	997.47995	1422.2809	860.50585	550.84155	1295.2356	324.54765	819.8155	441.66415	651.085	1297.21545	561.7652
5AR	2022.74675	1482.819	2007.8634	1620.7781	2056.49285	1734.9199	1892.72675	1850.05655	1856.00595	1793.47815	1788.51375	1589.0217	1747.8234	1388.5348	1505.6513	1579.0929	1500.6869	1667.4277	1043.1347	1687.27545	1022.2921	1874.8687	515.1156	1053.0635	128.0303	1270.42345	131.005	1447.09305	796.99305	2053.51815
5BR	799.96775	1003.42935	775.1556	1090.77915	714.60765	1187.05305	846.61735	1354.7887	895.2468	1309.1241	1030.2312	1126.5051	1149.3374	952.8102	1282.3321	1213.84505	1215.83475	1313.1035	1659.4886	1448.07805	1665.44785	1643.6104	2401.89295	990.52585	2764.1661	1361.73295	2692.70435	1573.1435	1839.1329	1880.8181
5CL	629.2574	1157.2765	636.20165	1262.48435	583.5928	1341.8852	700.7093	1497.7122	754.313	1455.03215	907.15545	1283.32695	998.4748	1113.6016	1127.49995	1341.8852	1138.41375	1400.44345	1534.433	1546.34165	1527.4789	1726.9808	2316.53285	1133.44935	2633.15125	1478.84945	2549.78085	1656.5139	1709.1129	1970.14775
5CR	567.7146	1232.7078	616.3539	1115.5913	561.7652	1017.3277	741.4095	906.17045	778.1303	961.74415	844.62765	1164.22075	905.1756	1360.7381	1098.71825	1175.13455	1112.60675	1113.6016	1563.2147	1103.6728	1569.1641	921.0538	2134.9087	1734.9199	2600.4	1476.85975	2558.7148	1281.33725	1843.10245	762.2521
5DL	553.81625	762.2521	503.20695	845.6225	416.852	887.3077	482.36435	1083.82505	539.92775	1059.0129	712.6278	950.83035	870.43465	811.8764	932.96245	1077.87565	890.2824	1154.29195	1300.2	1418.3015	1202.93125	1591.9964	2039.6198	1213.84505	2252.0252	1660.48345	2118.03565	1794.473	1286.30165	1874.8687
5DR	577.6434	1805.3868	587.56235	1663.45815	478.38495	1571.1538	615.35905	1409.3774	665.9782	1457.012	803.9373	1643.6104	924.0285	1830.19895	1110.6269	1591.00155	1091.76415	1517.55995	1500.6869	1381.5807	1465.94595	1191.0226	2223.2435	1868.90945	2569.6286	1536.41285	2517.0296	1308.1391	1718.04685	981.60175
5ER	2192.4721	1604.8999	2166.6651	1498.6972	2277.8322	1416.32165	2149.79205	1256.5251	2099.1729	1299.20515	1957.24425	1469.9155	1833.1835	1642.61555	1661.46845	1406.39285	1682.3209	1336.9208	1290.2712	1189.0329	1330.96155	1009.3886	568.70945	1618.79825	178.64945	1290.2712	268.9641	1061.9876	1098.71825	744.3842
5FL	2030.68585	1137.4189	2028.706	1270.42345	2133.91385	1325.01215	2047.5589	1503.6616	1987.0208	1473.88505	1804.39195	1340.89035	1638.646	1202.93125	1527.4789	1462.97125	1566.1894	1523.50935	1214.8399	1745.8337	1300.2	1907.61995	395.01455	1485.7937	131.99985	1916.5539	306.67975	2123.98505	1158.2615	2235.15215
5FR	581.61295	1055.04335	506.18165	1191.0226	397.9991	1249.58085	477.39995	1433.1947	537.93805	1404.413	718.5772	1273.39815	852.56675	1134.4442	979.61205	1403.41815	936.932	1464.9511	1314.0885	1694.22955	1247.59115	1863.94505	2143.84265	1456.01715	2401.89295	1931.43725	2259.9643	2081.305	1344.8599	2170.63465
6BL	2247.0608	1279.3574	2224.2285	1411.35725	2292.71555	1496.71735	2155.7513	1657.4989	2107.112	1612.839	2004.8887	1433.1947	1907.61995	1254.5354	1732.9302	1494.72765	1782.56435	1569.1641	1387.53995	1687.27545	1444.1085	1896.6963	655.05455	1247.59115	382.11105	1599.9355	283.8573	1775.61025	1124.5154	2148.7972
6CL	2100.16775	1193.9973	2065.4268	1333.9461	2164.68525	1425.2556	2011.83295	1601.9252	1980.07655	1540.3824	1855.0111	1362.7278	1766.6763	1168.1903	1568.1791	1411.35725	1618.79825	1501.68175	1090.77915	1612.839	1121.5407	1795.46785	430.75035	1097.7234	129.02515	1473.88505	131.99985	1655.51905	954.7999	2050.54345
6CR	2412.80675	1678.3415	2425.71025	1568.1791	2558.7148	1500.6869	2463.4259	1286.30165	2406.85735	1369.67205	2265.9137	1493.7328	2097.19305	1646.5851	1995.95475	1365.7025	2042.60435	1298.2103	1582.0676	1051.0738	1653.52935	871.4295	756.29285	1330.96155	565.73475	913.1147	701.70415	733.4704	1568.1791	588.5572
6DL	570.6893	1064.97215	528.0191	1146.35285	440.6693	1193.00245	525.03455	1380.58585	585.5825	1351.80415	769.19635	1219.8043	935.93715	1082.8302	992.51555	1356.76855	910.14	1413.34695	1329.97655	1646.5851	1242.62675	1811.34605	2152.76675	1404.413	2388.98945	1851.04155	2211.325	2002.899	1389.5198	2119.02065
6DR	729.50085	1223.77385	764.23195	1371.66175	674.91215	1473.88505	835.6937	1602.9102	875.39905	1550.3112	975.6425	1354.7887	1060.00775	1161.24605	1243.6216	1371.66175	1257.51995	1459.99655	1706.1382	1483.81385	1705.14335	1666.43285	2318.52255	913.1147	2743.3235	1227.7434	2653.99385	1472.8902	1950.3	1910.59465
6EL	484.3442	726.5163	471.4407	832.719	378.1415	904.18075	431.7452	1117.57115	514.12075	1079.8555	663.9885	955.79475	842.6478	820.81035	1035.1956	1110.6269	960.75915	1166.21045	1333.9461	1431.205	1190.02775	1600.93035	2125.97475	1219.8043	2373.11125	1688.2703	2225.22335	1829.21395	1322.0276	1890.7469
6ER	657.04425	1332.95125	699.7243	1179.1041	622.3033	1070.92155	789.0441	936.932	833.71385	990.52585	923.03365	1217.8146	1024.27195	1416.32165	1260.49465	1231.71295	1246.5963	1153.30695	1738.88945	1081.8452	1741.86415	861.5007	2373.11125	1660.48345	2727.43545	1325.99715	2689.7198	1108.6372	1950.3	654.06955
6GL	2542.82675	1813.3259	2464.42075	1671.39725	2507.1008	1563.2147	2377.0808	1420.2912	2332.4209	1475.87475	2241.10155	1686.29045	2175.59905	1887.7722	1952.27985	1684.30075	1964.1885	1596.9608	1435.17455	1577.11305	1431.205	1386.5451	806.912	2193.46695	404.94335	1893.7216	456.55735	1673.38695	1191.0226	1139.4086
6HR	2157.73115	1201.9364	2122.9902	1298.2103	2194.45195	1401.42845	2088.2591	1550.3112	2038.6348	1505.6513	1918.53375	1329.97655	1832.18865	1141.38845	1670.4024	1359.74325	1680.3312	1447.09305	1226.74855	1560.24	1266.4539	1734.9199	532.97365	1098.71825	190.5581	1397.4589	239.18755	1594.9711	1104.66765	1979.0817
7BL	590.5469	1648.5748	604.4354	1518.5548	503.20695	1428.2303	638.1815	1279.3574	684.8311	1325.99715	809.8867	1505.6513	919.0641	1696.2094	1094.7487	1417.3165	1077.87565	1347.8346	1470.91035	1230.7181	1444.1085	1050.07895	2143.84265	1709.1129	2605.3644	1411.35725	2492.2076	1212.8502	1700.17895	805.91715
7BR	2071.38605	1266.4539	2059.4774	1404.413	2142.8478	1490.7581	2009.84325	1644.60525	1961.2138	1599.9355	1825.23455	1423.2659	1707.13305	1247.59115	1536.41285	1475.87475	1556.27045	1546.34165	1160.2512	1674.37195	1194.99215	1855.0111	454.56765	1213.84505	119.09635	1587.032	172.6902	1778.5948	964.7287	2130.93915
7CL	2213.3147	1339.8955	2188.50255	1448.07805	2224.2285	1526.4939	2171.6295	1706.1382	2114.0661	1669.4174	1945.3356	1515.57025	1830.19895	1344.8599	1707.13305	1598.94065	1735.91475	1680.3312	1357.7634	1865.93475	1429.22515	2038.6348	571.68415	1514.5754	301.7252	1918.53375	396.0094	2102.1476	1234.68765	2328.45135
7CR	1082.8302	922.04865	954.7999	972.6678	821.8052	1012.3633	878.37375	1204.9111	941.8964	1182.08865	1108.6372	1065.95715	1268.43375	955.79475	1314.0885	1227.7434	1267.4389	1284.31195	1575.12335	1554.28075	1468.92065	1708.11805	2408.8372	1392.50435	2603.3747	1870.89915	2448.54255	1997.9346	1578.09805	2048.55375
7DL	2569.6286	1484.8087	2587.4965	1347.8346	2593.4459	1204.9111	2421.7407	1117.57115	2387.9946	1178.1191	2335.3956	1392.50435	2313.55815	1603.90505	2075.3556	1428.2303	2068.4015	1335.92595	1675.3668	1346.83975	1556.27045	1179.1041	1041.145	2056.49285	553.81625	1846.07715	590.5469	1608.86945	1276.37285	1020.3024
7DR	891.27725	619.3286	851.58175	748.35375	717.58235	791.0338	789.0441	983.5816	852.56675	959.7643	1046.1094	841.65295	1222.779	717.58235	1279.3574	992.51555	1270.42345	1055.04335	1597.95565	1319.0529	1498.6972	1476.85975	2430.67465	1137.4189	2722.4809	1583.06245	2552.75555	1768.666	1645.59025	1800.4224
7EL	274.92335	1322.0276	265.9894	1212.8502	279.88775	1110.6269	402.95365	985.5713	441.66415	1044.12955	546.872	1242.62675	600.46585	1458.00685	872.42435	1286.30165	845.6225	1191.0226	1305.15455	1162.23105	1306.1494	967.7034	1905.63025	1815.3156	2384.02505	1522.52435	2351.2738	1310.11895	1587.032	752.3233
7FL	2358.21805	1535.42785	2401.89295	1409.3774	2486.2582	1365.7025	2473.3547	1180.09895	2408.8372	1203.9261	2211.325	1320.04775	2029.70085	1442.12865	1948.3103	1173.1547	1992.9702	1115.5913	1667.4277	861.5007	1771.6407	707.6634	817.83565	1044.12955	607.41995	570.6893	748.35375	411.8876	1627.7322	395.01455
7GL	480.37465	2098.17805	473.4304	1963.2035	376.16165	1892.72675	469.46085	1720.03655	526.0294	1756.75735	688.80065	1911.5895	829.7443	2094.2085	943.8861	1831.1938	916.0894	1764.69645	1312.10865	1576.1182	1253.5504	1401.42845	2102.1476	1925.48785	2444.573	1470.91035	2332.4209	1284.31195	1450.06775	1088.78945
7HL	529.0041	987.55115	520.08	1121.5407	396.0094	1191.0226	514.12075	1362.7278	571.68415	1325.01215	737.43995	1169.18515	886.31285	1011.36845	1044.12955	1261.4895	1014.353	1326.992	1413.34695	1510.60585	1351.80415	1684.30075	2218.2791	1155.2868	2511.07035	1544.35195	2406.85735	1714.0773	1556.27045	1943.3459
7HR	2525.9537	2011.83295	2525.9537	1845.09215	2573.59815	1777.59995	2460.4512	1595.96595	2409.83205	1644.60525	2286.7563	1842.1076	2199.41635	2034.66525	2039.6198	1766.6763	2013.82265	1673.38695	1572.14865	1632.68675	1605.89475	1440.13895	853.5616	2142.8478	493.27815	1708.11805	573.67385	1502.66675	1378.606	1119.56085
8AL	2537.8722	2197.4365	2502.1364	2054.513	2653.99385	1937.3965	2505.1111	1789.5086	2496.187	1831.1938	2342.33985	2000.91915	2227.21305	2167.65995	2040.61465	1948.3103	2058.48255	1881.81295	1595.96595	1756.75735	1637.65115	1585.05215	931.9676	2194.45195	529.99895	1810.3512	635.2068	1611.84415	1432.19985	1318.05805
8BL	377.1565	1373.6416	404.94335	1255.53025	343.4104	1140.40345	487.3189	1026.26165	523.0547	1083.82505	604.4354	1294.24075	668.9529	1498.6972	905.1756	1290.2712	907.15545	1216.81975	1334.9311	1198.9617	1352.799	1012.3633	1895.7113	1842.1076	2379.06065	1602.9102	2346.3094	1395.47905	1655.51905	820.81035
8CL	2042.60435	1648.5748	2036.6451	1785.53905	2137.8834	1868.90945	2011.83295	2017.7922	1965.18335	1974.1173	1838.13805	1803.40695	1727.97565	1632.68675	1579.0929	1851.04155	1583.06245	1916.5539	1184.0685	2047.5589	1215.83475	2221.2538	521.065	1600.93035	157.80685	1947.31545	211.4007	2143.84265	1015.338	2473.3547
8CR	2074.36075	1104.66765	2014.80765	1232.7078	2035.65025	1326.992	1934.41195	1446.0982	1899.68085	1392.50435	1811.34605	1211.8652	1725.98595	1014.353	1542.3721	1192.0076	1518.5548	1287.2965	1133.44935	1310.11895	1090.77915	1465.94595	550.84155	689.7955	182.619	937.92685	194.52765	1142.3833	838.67825	1627.7322
8DL	541.9076	1589.0217	584.58765	1725.98595	473.4304	1836.1582	624.293	1970.14775	662.99365	1922.5033	759.2774	1740.87915	839.66325	1560.24	1027.2565	1759.73205	984.57645	1830.19895	1444.1085	1899.68085	1442.12865	2075.3556	2027.71115	1389.5198	2496.187	1669.4174	2438.61375	1851.04155	1684.30075	2295.69025
8DR	764.23195	1681.32605	779.12515	1552.3009	677.88685	1466.9408	813.8661	1320.04775	860.50585	1363.7128	984.57645	1535.42785	1092.759	1708.11805	1243.6216	1495.7225	1201.9364	1438.1591	1678.3415	1339.8955	1651.5495	1165.2156	2348.2991	1791.48845	2676.8163	1418.3015	2633.15125	1251.5607	1822.25985	919.0641
8EL	2594.44075	1577.11305	2576.57285	1452.0476	2615.28335	1365.7025	2479.31395	1233.6928	2444.573	1284.31195	2363.18245	1472.8902	2311.5783	1655.51905	2123.98505	1477.8546	2126.9696	1392.50435	1685.2956	1357.7634	1674.37195	1184.0685	1154.29195	1913.56935	702.699	1671.39725	702.699	1459.99655	1405.40785	984.57645
8FL	1924.493	1688.2703	1964.1885	1553.2859	2102.1476	1508.626	2027.71115	1307.14425	1962.20865	1331.9564	1791.48845	1457.012	1548.3215	1566.1894	1477.8546	1279.3574	1533.43815	1203.9261	1124.5154	900.2112	1217.8146	733.4704	291.7964	1079.8555	44.6599	639.17635	194.52765	459.53205	1158.2615	433.72505
8FR	433.72505	1498.6972	456.55735	1363.7128	388.0703	1265.45905	487.3189	1113.6016	534.96335	1163.2259	661.0138	1353.79385	768.2015	1543.36695	927.99805	1317.07305	907.15545	1259.4998	1445.10335	1158.2615	1404.413	922.04865	2078.3303	1699.1841	2484.2685	1364.70765	2450.5224	1170.18	1603.90505	746.3739
8GR	733.4704	409.90775	674.91215	540.9226	597.49115	600.46585	633.22695	844.62765	727.51115	788.0591	915.09455	687.81565	1119.56085	581.61295	1140.40345	886.31285	1064.97215	947.85565	1481.82415	1302.17985	1360.7381	1472.8902	2352.26865	1190.02775	2477.32425	1668.42255	2355.24335	1821.265	1405.40785	1740.87915
8HL	2054.513	1383.5704	1981.06155	1476.85975	2002.899	1603.90505	1850.05655	1714.0773	1831.1938	1644.60525	1823.2547	1441.1338	1775.61025	1235.6825	1554.28075	1398.45375	1523.50935	1475.87475	1034.20075	1416.32165	990.52585	1611.84415	606.4251	680.86155	125.0556	857.53115	105.198	1023.28695	708.65825	1749.80325
9AL	2253.0102	2080.32	2204.38075	1917.5389	2285.7713	1827.22425	2151.78175	1677.3565	2100.16775	1725.98595	1994.9599	1909.5998	1902.65555	2102.1476	1712.0876	1903.6504	1685.2956	1823.2547	1255.53025	1716.05715	1282.3321	1526.4939	511.14605	2224.2285	218.34495	1869.9043	292.79125	1645.59025	1121.5407	1288.2815
9AR	2473.3547	1625.7425	2473.3547	1502.66675	2591.46605	1446.0982	2465.4156	1275.38785	2411.82175	1303.1747	2265.9137	1427.23545	2115.0511	1558.2503	1993.96505	1316.0782	2052.5233	1244.61645	1630.7069	1022.2921	1710.10775	869.4398	789.0441	1265.45905	642.15105	873.40935	711.63295	718.5772	1575.12335	579.62325
9BL	471.4407	908.1503	481.3695	1022.2921	392.03985	1094.7487	512.13105	1266.4539	566.71975	1226.74855	719.57205	1061.9876	855.5513	895.2468	1004.4242	1170.18	963.73385	1274.393	1377.61115	1398.45375	1325.99715	1578.09805	2136.88855	1008.39375	2484.2685	1426.25045	2379.06065	1571.1538	1506.6363	1834.1685
9BR	2025.7313	1260.49465	2046.5739	1399.4486	2158.726	1464.9511	2047.5589	1634.67645	1989.00065	1600.93035	1813.3259	1456.01715	1654.5242	1307.14425	1554.28075	1563.2147	1575.12335	1630.7069	1172.15985	1857.0008	1253.5504	2074.36075	404.94335	1541.37725	170.71035	2000.91915	238.20255	2143.84265	1145.36785	2310.58345
9CL	691.7852	1245.6113	701.70415	1367.6922	624.293	1455.03215	766.22165	1621.77295	806.912	1578.09805	937.92685	1413.34695	1068.9417	1234.68765	1233.6928	1476.85975	1179.1041	1566.1894	1629.71205	1698.1991	1614.8287	1868.90945	2404.86765	1282.3321	2648.0346	1636.6563	2603.3747	1796.45285	1729.9555	2116.04595
9CR	1986.02595	1274.393	1992.9702	1389.5198	2069.39635	1459.0017	1928.46255	1637.65115	1908.6148	1606.87975	1766.6763	1419.29635	1633.6816	1235.6825	1420.2912	1459.0017	1436.1694	1554.28075	1052.06865	1655.51905	1089.7843	1852.0364	319.58325	1246.5963	27.78685	1591.00155	102.2233	1764.69645	969.68325	2098.17805
9DL	756.29285	1971.1426	760.2624	1826.2294	625.278	1761.72175	714.60765	1586.03715	752.3233	1615.8137	926.0182	1752.7878	1127.49995	1905.63025	1222.779	1689.26515	1154.29195	1596.9608	1511.6007	1383.5704	1460.98155	1243.6216	2282.78675	1708.11805	2511.07035	1280.3424	2414.79645	1118.566	1565.19455	987.55115
9DR	737.43995	1325.99715	744.3842	1414.33195	648.1103	1485.7937	768.2015	1664.453	813.8661	1618.79825	938.9217	1442.12865	1070.92155	1274.393	1259.4998	1490.7581	1240.6469	1600.93035	1591.00155	1673.38695	1561.225	1851.04155	2250.0355	1198.9617	2588.49135	1520.53465	2545.8113	1722.0164	1767.67115	2083.2947
9EL	2209.34515	1129.4798	2220.25895	1246.5963	2324.47195	1322.0276	2294.70525	1524.5042	2187.5077	1476.85975	2017.7922	1313.1035	1843.10245	1146.35285	1702.16865	1424.26075	1759.73205	1506.6363	1364.70765	1724.0061	1448.07805	1898.686	509.15635	1422.2809	277.89805	1881.81295	382.11105	2066.42165	1324.0173	2229.1929
9ER	807.90685	923.03365	778.1303	1045.11455	662.99365	1103.6728	745.37905	1298.2103	810.88155	1268.43375	1006.4139	1133.44935	1139.4086	984.57645	1266.4539	1255.53025	1223.77385	1319.0529	1583.06245	1569.1641	1486.78855	1737.8946	2436.6339	1324.0173	2722.4809	1837.15305	2603.3747	2009.84325	1658.49375	2078.3303
9FL	919.0641	1194.99215	911.125	1275.38785	780.12	1325.01215	862.49555	1516.5651	924.0285	1487.7834	1109.63205	1359.74325	1279.3574	1224.7687	1386.5451	1501.68175	1345.85475	1563.2147	1695.21455	1812.3409	1605.89475	1976.09715	2472.35985	1587.032	2728.4303	2060.4624	2701.6383	2274.84765	1735.91475	2321.49725
9FR	529.99895	2294.70525	524.04955	2152.76675	409.90775	2133.91385	488.31375	1951.285	548.8617	1978.08685	731.4807	2101.1626	897.2365	2229.1929	978.6172	1961.2138	921.0538	1880.8181	1315.08335	1623.7528	1240.6469	1445.10335	2122.9902	1848.06685	2354.2485	1445.10335	2276.83735	1302.17985	1330.96155	1193.00245
9GR	614.3642	1570.15895	588.5572	1441.1338	503.20695	1356.76855	636.20165	1212.8502	684.8311	1260.49465	819.8155	1444.1085	936.932	1625.7425	1117.57115	1412.3521	1048.0991	1340.89035	1477.8546	1231.71295	1443.1235	1051.0738	2181.5583	1729.9555	2605.3644	1409.3774	2540.8469	1224.7687	1726.9808	808.9017
9H	2225.22335	1561.225	2222.24865	1430.22	2340.36	1345.85475	2206.37045	1195.97715	2151.78175	1239.65205	1999.9243	1411.35725	1866.9296	1583.06245	1685.2956	1361.73295	1709.1129	1294.24075	1266.4539	1164.22075	1285.3068	1011.36845	502.2121	1654.5242	160.78155	1274.393	224.3042	1091.76415	1106.65735	756.29285
9HL	646.1206	964.7287	593.5216	1093.75385	509.15635	1176.1294	646.1206	1333.9461	701.70415	1293.2459	835.6937	1126.5051	949.8355	963.73385	1107.64235	1199.9467	1094.7487	1274.393	1504.65645	1434.18955	1488.77825	1631.70175	2324.47195	1035.1956	2686.7451	1415.3268	2579.5574	1597.95565	1678.3415	1881.81295
