ctrl03FR	1.20418	0.84716	1.31988	0.74888	1.45547	0.67549	1.66073	0.77501	1.62590	0.80984	1.47786	1.03873	1.26514	1.18055	1.63834	1.37212	1.72915	1.32361	2.00781	1.80255	2.26158	1.71920	1.71422	2.89104	2.31383	3.21573	2.49670	3.06023	2.63851	1.90207
ctrl06AR	0.45654	1.52638	0.49511	1.68934	0.45281	1.83240	0.60333	1.99163	0.65185	1.91202	0.77749	1.66820	0.83845	1.40696	1.13950	1.67317	1.13203	1.77269	1.75154	1.88714	1.75528	2.12599	2.57383	1.11213	3.07142	1.49030	3.00549	1.76772	2.06005	2.37727
ctrl01HL	2.06752	0.30602	1.90455	0.35951	1.78264	0.31846	1.63461	0.48142	1.71796	0.55233	1.99537	0.64314	2.25661	0.64936	2.04513	0.99644	1.94063	1.00390	1.98293	1.56743	1.71920	1.61346	2.85621	2.23670	2.55392	2.81640	2.28397	2.80023	1.51643	1.98541
ctrl09HR	2.65966	0.86457	2.71440	1.02629	2.84004	1.07978	2.80023	1.33854	2.71440	1.31490	2.45565	1.15567	2.26780	1.00390	2.13345	1.38083	2.19689	1.46169	1.78762	1.81747	1.92197	2.07374	0.67797	1.64705	0.44908	2.32254	0.64936	2.49048	1.81623	2.46809
ctrl10AL	1.70178	0.69912	1.52265	0.76505	1.41193	0.66802	1.22782	0.86582	1.31614	0.92802	1.55748	1.03251	1.84733	1.09098	1.57490	1.41069	1.47786	1.40447	1.33107	2.07001	1.16562	2.04886	2.24914	2.72062	1.90953	3.34884	1.63585	3.31525	0.93175	2.35861
ctrl03DL	0.99519	1.30744	1.14696	1.23280	1.13825	1.08600	1.35346	1.05615	1.35844	1.14447	1.30992	1.37710	1.20418	1.60226	1.57241	1.55748	1.61470	1.49030	2.15584	1.83862	2.29890	1.63212	2.28522	2.82014	2.86616	2.84377	2.98808	2.63851	2.63851	1.58982
ctrl08BR	0.64439	2.26034	0.63941	2.06130	0.52745	1.97422	0.64439	1.75279	0.72400	1.80877	0.90189	1.99910	1.03376	2.24043	1.25643	1.88963	1.22409	1.80130	1.70427	1.59231	1.68934	1.33729	2.68827	2.06752	3.13984	1.55250	3.03286	1.33107	1.92321	1.00763
ctrl13ER	1.58734	0.70161	1.46667	0.82601	1.31366	0.81357	1.30122	1.06112	1.38830	1.06859	1.66571	1.04246	1.92695	0.93548	1.89211	1.34102	1.80255	1.37959	2.11852	1.89460	1.89833	2.02771	3.20951	2.08867	3.24932	2.77908	2.99056	2.88856	1.86599	2.45067
ctrl09DR	0.96036	0.79989	1.13825	0.79864	1.22906	0.68295	1.44925	0.82601	1.39452	0.91309	1.19299	1.08476	0.95041	1.22160	1.29002	1.43184	1.38332	1.40322	1.60848	1.96675	1.86972	1.91326	1.07356	2.96195	1.58236	3.39486	1.80752	3.26673	2.17326	2.13594
ctrl12CR	1.67317	0.83472	1.52638	0.93797	1.38581	0.89070	1.28504	1.11213	1.38083	1.15940	1.61968	1.13701	1.91575	1.17930	1.72915	1.50896	1.64207	1.52887	1.77269	2.11106	1.53136	2.20933	2.75420	2.68827	2.54024	3.30405	2.24914	3.31898	1.38332	2.62359
ctrl05EL	1.32361	2.68330	1.18926	2.57134	1.04868	2.61612	0.94543	2.36110	1.04246	2.32378	1.30868	2.34991	1.61968	2.36483	1.45920	2.01527	1.37959	1.98790	1.57863	1.42437	1.32734	1.31241	2.53651	1.03127	2.43201	0.37444	2.18072	0.32717	1.22284	0.90065
ctrl05GR	0.86209	2.69076	0.78620	2.53526	0.61329	2.50665	0.66553	2.23919	0.76257	2.26905	1.02878	2.37354	1.24026	2.52158	1.29375	2.12225	1.22160	2.06005	1.63336	1.64207	1.48657	1.43557	2.70071	1.70676	2.89229	1.07854	2.69201	0.92304	1.55126	1.03127
ctrl01FR	2.02895	2.92339	2.15211	2.80272	2.29517	2.84128	2.35488	2.58253	2.27029	2.57134	1.98541	2.57880	1.73662	2.65344	1.80130	2.27278	1.89833	2.22799	1.66695	1.72418	1.87345	1.58609	0.62448	1.39700	0.68046	0.70907	0.92677	0.64190	1.94187	1.16811
ctrl03HL	1.56743	0.62573	1.41940	0.72151	1.29126	0.68793	1.16562	0.90438	1.26265	0.90562	1.51892	0.97529	1.78264	0.92802	1.62341	1.31863	1.53260	1.32734	1.63336	1.85977	1.40322	1.92197	2.55641	2.47182	2.32876	3.04157	2.08742	3.05774	1.23404	2.31259
ctrl04AR	1.97297	2.82262	1.80379	2.79774	1.69059	2.87114	1.51021	2.72062	1.59107	2.67210	1.82494	2.51287	2.07001	2.45440	1.79135	2.13345	1.69805	2.16206	1.59356	1.62839	1.34973	1.65078	2.23297	0.71032	1.80379	0.27367	1.57987	0.36449	1.05490	1.35471
ctrl01GR	1.75403	2.93085	1.59107	2.85248	1.45920	2.91717	1.29748	2.70942	1.35968	2.63976	1.64954	2.56885	1.91202	2.53651	1.70925	2.18445	1.60600	2.16455	1.63834	1.55748	1.36342	1.53509	2.47431	0.92428	2.17077	0.33836	1.89336	0.35827	1.15442	1.22906
ctrl13FL	0.56726	0.83969	0.73520	0.78247	0.79491	0.66056	1.03749	0.69166	1.02878	0.76505	0.87453	1.05117	0.69912	1.26887	1.05988	1.34724	1.14323	1.27634	1.50026	1.73164	1.71920	1.57241	1.33356	2.85870	1.98915	3.09630	2.16206	2.84253	2.14713	1.72791
ctrl09GL	2.53402	2.64971	2.36110	2.67957	2.29517	2.78779	2.05881	2.67335	2.10111	2.60368	2.28895	2.45440	2.50292	2.25287	2.11977	2.07001	2.03393	2.11977	1.75528	1.66571	1.50772	1.75528	2.14216	0.72027	1.57116	0.33339	1.35222	0.48764	1.16189	1.57987
ctrl05DL	1.14447	2.58875	1.04868	2.42081	0.86582	2.40713	0.90438	2.09862	1.00888	2.13096	1.25270	2.25412	1.49777	2.40589	1.56370	1.98293	1.49030	1.91699	1.89087	1.46294	1.69681	1.25021	3.07391	1.47662	3.16224	0.85462	2.96817	0.71529	1.78264	0.84218
ctrl09ER	2.98310	2.28895	2.95573	2.12599	3.04903	1.99412	2.81640	1.83116	2.76167	1.90082	2.68205	2.15087	2.57383	2.43574	2.30637	2.15087	2.31632	2.03766	1.68437	1.98417	1.68934	1.68934	0.87701	2.75296	0.33463	2.33125	0.37071	2.09240	1.35222	1.43681
ctrl08CR	1.71547	0.71529	1.88963	0.79989	2.05508	0.75261	2.15087	0.99892	2.06627	1.02629	1.77269	1.06859	1.49030	1.05490	1.67939	1.37834	1.77269	1.40571	1.62963	1.95183	1.88963	2.05259	0.62324	2.50914	0.82352	3.15850	1.07356	3.18090	2.03393	2.46809
ctrl13DR	2.73306	1.70303	2.64100	1.84982	2.64847	1.97919	2.42081	2.07996	2.37354	1.97049	2.39469	1.70178	2.42952	1.44054	2.06130	1.56246	2.02895	1.65078	1.43308	1.58734	1.36590	1.73537	1.06486	0.51003	0.39559	0.63319	0.34956	0.88199	0.98026	1.85231
ctrl01EL	0.81233	0.84591	0.70659	0.99892	0.57099	1.05117	0.64687	1.30619	0.73147	1.27758	0.97529	1.13576	1.16562	0.96907	1.26514	1.33480	1.20170	1.41940	1.61844	1.85977	1.54877	2.04388	2.80645	1.59107	3.05276	2.20436	2.86243	2.37354	1.65327	2.41708
ctrl03EL	2.87612	1.96178	2.81889	1.78264	2.93583	1.67068	2.77535	1.47662	2.71191	1.54006	2.57134	1.77269	2.47057	2.04264	2.21431	1.71920	2.23546	1.62466	1.65949	1.50399	1.69681	1.22782	0.74888	2.17077	0.26621	1.71298	0.36075	1.44552	1.42313	0.92304
ctrl06BL	2.66215	1.19548	2.66091	1.37586	2.79774	1.45174	2.63229	1.66198	2.56263	1.60475	2.37479	1.41940	2.27153	1.17184	2.06130	1.50150	2.07871	1.59480	1.53633	1.79508	1.61222	2.03393	0.57472	1.27012	0.14679	1.77145	0.28611	2.02025	1.35222	2.37479
ctrl02CL	2.84004	1.20170	2.83258	1.38830	2.93458	1.47662	2.73803	1.68064	2.67335	1.62217	2.56885	1.41193	2.40713	1.15442	2.19938	1.46667	2.23670	1.56494	1.65327	1.72915	1.70178	2.00159	0.72525	1.13825	0.31099	1.63088	0.38439	1.85355	1.43432	2.32876
ctrl10BR	2.62856	2.06752	2.58129	1.91575	2.66713	1.80628	2.52655	1.63336	2.47057	1.69930	2.32378	1.93690	2.22924	2.17823	1.99785	1.91699	2.00283	1.82743	1.46294	1.65576	1.46418	1.48533	0.61577	2.41211	0.07463	2.00034	0.15301	1.74781	1.16064	1.21289
ctrl05HL	2.06130	0.74764	2.21182	0.86084	2.35364	0.84965	2.41335	1.10840	2.31756	1.10218	2.06379	1.09969	1.79881	1.02878	1.90953	1.40820	2.01029	1.44428	1.81001	1.95929	2.04388	2.06876	0.81233	2.25536	0.87204	2.94080	1.12706	3.02913	2.12350	2.51785
ctrl02AR	2.61488	1.76274	2.53402	1.91077	2.60866	2.03891	2.37479	2.16704	2.33373	2.10484	2.27651	1.81872	2.24043	1.55126	1.93939	1.73288	1.92197	1.82867	1.30370	1.84733	1.25643	1.99661	0.73147	0.82850	0.14305	1.06859	0.14181	1.31988	0.90065	2.15087
ctrl04EL	2.19067	2.74798	2.00656	2.74176	1.91202	2.86368	1.67690	2.74301	1.72791	2.65095	1.98044	2.56263	2.18819	2.29641	1.87594	2.15211	1.79260	2.18694	1.57490	1.59480	1.31988	1.65700	2.10981	0.65185	1.60724	0.20277	1.35968	0.31721	0.96782	1.40447
ctrl01BL	2.19565	2.97439	2.02273	2.94329	1.89585	3.04032	1.71422	2.83631	1.78264	2.78282	2.02025	2.68205	2.30761	2.53899	2.00656	2.29268	1.89709	2.31632	1.80255	1.71298	1.53882	1.75403	2.53153	0.88323	2.12474	0.33090	1.83862	0.39932	1.23280	1.39452
ctrl08DR	2.51536	0.89567	2.59124	1.06610	2.73928	1.12084	2.66713	1.37959	2.58005	1.35222	2.36359	1.18304	2.10857	1.03624	2.01403	1.41940	2.07871	1.49652	1.60475	1.87221	1.74408	2.11230	0.47769	1.69930	0.22267	2.36110	0.42171	2.54148	1.62714	2.52531
ctrl13CR	3.30281	2.62607	3.17468	2.67957	3.16224	2.84875	2.88856	2.79401	2.90970	2.70071	3.01918	2.45440	3.16348	2.20311	2.79277	2.15833	2.72435	2.21680	2.29766	1.79135	2.07498	1.95183	2.35488	0.67797	1.72418	0.49137	1.57365	0.67673	1.67442	1.86723
ctrl09BR	2.12847	2.63851	2.26034	2.51660	2.39842	2.52282	2.40215	2.22177	2.33622	2.25039	2.09489	2.32254	1.84111	2.39718	1.88092	2.02398	1.95058	1.98293	1.67566	1.49777	1.87345	1.33356	0.57845	1.20792	0.61826	0.53740	0.83969	0.45157	1.89336	0.86333
ctrl05CL	1.30370	0.79615	1.22409	0.96782	1.08227	0.99644	1.11835	1.24275	1.20418	1.22284	1.43184	1.10964	1.65700	0.94294	1.68437	1.32734	1.61719	1.38954	2.02771	1.77891	1.88838	1.99785	3.11745	1.74159	3.31649	2.38225	3.10252	2.52033	1.96675	2.39345
ctrl02HL	2.20311	2.65344	2.29268	2.50167	2.44569	2.48675	2.42703	2.22302	2.34120	2.23546	2.09489	2.34244	1.82494	2.44818	1.82369	2.06752	1.89336	2.01154	1.53384	1.57987	1.70552	1.38456	0.42544	1.54628	0.31970	0.88697	0.50879	0.75759	1.65576	0.96160
ctrl12GL	2.78904	1.07108	2.79401	1.24648	2.92712	1.33107	2.82636	1.55375	2.70818	1.48782	2.51038	1.30246	2.33871	1.09596	2.15211	1.43184	2.20560	1.53509	1.66944	1.82867	1.74532	2.06627	0.74266	1.33978	0.33587	1.91451	0.47147	2.12599	1.57241	2.40464
ctrl13AL	0.72649	2.35115	0.85089	2.45440	0.82228	2.62234	1.08974	2.65220	1.12208	2.55019	1.05242	2.31134	1.01385	2.03144	1.40447	2.08493	1.44552	2.17201	1.97297	1.89336	2.09613	2.12847	2.21680	0.83099	2.90722	0.83969	2.98808	1.10218	2.51785	2.19316
ctrl08FL	0.58841	1.13452	0.75759	1.06734	0.82601	0.95912	1.06237	0.98524	1.04122	1.06734	0.91060	1.31490	0.75635	1.53011	1.12954	1.59729	1.20170	1.52762	1.57987	1.90331	1.75528	1.73413	1.48657	2.98932	2.08618	3.15228	2.26283	2.93707	2.18445	1.83862
ctrl04GR	1.11088	0.87577	1.28256	0.88572	1.37212	0.77003	1.57738	0.90687	1.52265	0.99519	1.31988	1.13452	1.10218	1.28007	1.42064	1.50896	1.51145	1.47911	1.69930	2.01154	1.94685	1.93690	1.16562	2.91219	1.65949	3.34884	1.88092	3.23563	2.25909	2.17201
ctrl08HR	2.94702	1.90207	2.85870	2.05881	2.89229	2.20311	2.68330	2.32254	2.63976	2.23297	2.59746	1.95680	2.61737	1.68934	2.23670	1.83116	2.21680	1.92695	1.69183	1.81125	1.62217	2.07871	1.21911	0.87453	0.58965	1.07232	0.53865	1.33729	1.24150	2.24541
ctrl02FR	2.75420	1.88216	2.65966	1.72666	2.68952	1.58609	2.50292	1.45174	2.42703	1.49279	2.38847	1.79881	2.39842	2.08369	2.06254	1.91077	2.03766	1.81250	1.46418	1.91699	1.38954	1.65949	0.98648	2.84750	0.44286	2.68081	0.35080	2.30015	1.04122	1.51270
ctrl10ER	0.83472	1.59978	0.98773	1.50150	0.98275	1.34102	1.23280	1.32361	1.27509	1.38083	1.17184	1.69432	1.07232	1.94561	1.49652	1.96053	1.55002	1.87719	2.04886	2.21804	2.21182	1.99537	2.20436	3.36625	2.85372	3.38616	2.97564	3.15104	2.63229	2.00034
ctrl02DL	0.73395	1.62092	0.84716	1.47289	0.77625	1.32983	1.00266	1.19548	1.03873	1.24524	1.09969	1.56868	1.06859	1.80628	1.42188	1.64705	1.43681	1.55872	1.98168	1.65202	2.08618	1.41069	2.57258	2.54273	3.17219	2.31507	3.17219	2.07001	2.45191	1.26141
ctrl11CR	2.31632	2.85497	2.14340	2.86616	2.04139	2.97066	1.82867	2.85870	1.85853	2.76540	2.08991	2.60866	2.32503	2.39469	1.96924	2.20933	1.87221	2.24790	1.54628	1.69308	1.37212	1.76150	2.09986	0.59836	1.54504	0.34334	1.34849	0.36449	0.99768	1.48533
ctrl03CL	2.34742	2.61985	2.45813	2.47555	2.61115	2.45316	2.63229	2.18197	2.55143	2.16455	2.24790	2.28771	1.99910	2.40464	1.97919	2.00407	2.05632	1.93939	1.68064	1.47538	1.89585	1.29126	0.59214	1.44676	0.48515	0.76132	0.69166	0.62946	1.87719	0.90438
ctrl11BR	1.41069	0.48889	1.57490	0.51501	1.67442	0.44783	1.83862	0.55606	1.80379	0.62448	1.56246	0.75386	1.32983	0.84591	1.59729	1.10218	1.69308	1.08352	1.78513	1.61222	2.04761	1.59604	1.16064	2.44196	1.56743	2.93458	1.79384	2.85870	2.32378	1.89585
ctrl02EL	2.49670	2.85994	2.31881	2.87114	2.24043	2.99927	1.99910	2.87363	2.01154	2.80894	2.26656	2.66091	2.49421	2.47182	2.16704	2.26656	2.07374	2.29144	1.81499	1.74906	1.62466	1.81623	2.39593	0.79118	1.91202	0.39061	1.68561	0.51128	1.30744	1.57490
ctrl10DR	2.55765	0.93672	2.62359	1.09844	2.78033	1.14696	2.72559	1.39203	2.64473	1.40447	2.39967	1.22658	2.17450	1.07108	2.06130	1.47040	2.12474	1.54753	1.70178	2.01029	1.81623	2.21680	0.52496	1.83240	0.34209	2.48301	0.55606	2.65344	1.76025	2.57880
ctrl10FL	1.89087	0.92180	1.71174	0.93424	1.63461	0.82725	1.43308	0.96534	1.44303	1.03002	1.70303	1.18428	1.91824	1.32236	1.63336	1.54753	1.53882	1.51892	1.38705	2.05757	1.13701	2.01527	1.96427	2.98683	1.48533	3.43592	1.24524	3.31152	0.80486	2.27651
ctrl02GR	2.16331	2.54024	1.99910	2.53402	1.92943	2.72435	1.71422	2.57134	1.76150	2.50416	1.93939	2.26905	2.15335	2.09364	1.83365	1.90331	1.76025	1.93317	1.53011	1.43308	1.31863	1.53260	1.98915	0.52123	1.46045	0.16047	1.24275	0.26248	0.94046	1.29748
ctrl03AR	1.99288	2.61612	2.12101	2.49297	2.28397	2.51411	2.33000	2.26158	2.26905	2.22053	1.95058	2.26034	1.67566	2.33498	1.75154	1.92943	1.82369	1.88963	1.59729	1.38581	1.82991	1.21040	0.52994	1.10466	0.58094	0.47271	0.82601	0.38066	1.89211	0.83099
ctrl04FR	2.42081	2.83382	2.48426	2.68579	2.62981	2.65095	2.60368	2.39593	2.52904	2.38598	2.25785	2.53029	2.03020	2.67832	1.98915	2.31010	2.05259	2.23297	1.62839	1.81499	1.80255	1.60724	0.51377	1.86848	0.36324	1.23653	0.56850	1.09969	1.74781	1.20916
ctrl01AR	0.48889	2.13096	0.59338	2.28646	0.55233	2.42952	0.79989	2.52531	0.84218	2.45813	0.84965	2.16331	0.81606	1.88216	1.17060	2.03020	1.19796	2.11728	1.76398	1.95556	1.87221	2.22177	2.18694	0.94419	2.83880	1.10218	2.89104	1.34227	2.20809	2.34617
ctrl06HL	2.89478	1.29251	2.87612	1.46418	2.99056	1.56494	2.82262	1.74408	2.75296	1.73786	2.60990	1.46791	2.46560	1.23528	2.25287	1.51394	2.26283	1.59978	1.68686	1.73910	1.74408	1.95431	0.79740	1.15069	0.35951	1.56619	0.45405	1.81623	1.45423	2.28149
ctrl08GL	1.69059	3.07018	1.84857	3.02166	1.97297	3.10999	2.14589	2.88731	2.11603	2.83382	1.80877	2.73306	1.55499	2.67335	1.77767	2.40215	1.87967	2.39842	1.86723	1.76523	2.12847	1.70178	1.02878	1.02505	1.29251	0.46152	1.51394	0.48764	2.35364	1.31614
ctrl12FL	0.88572	1.23528	1.02380	1.13576	1.01012	0.96285	1.27634	0.98151	1.31863	1.04620	1.18055	1.34102	1.11835	1.63585	1.48160	1.60351	1.53758	1.52514	2.03891	1.81001	2.19067	1.66695	2.13718	2.96568	2.80396	3.01544	2.90348	2.76913	2.59497	1.67690
ctrl09AL	1.39825	0.81979	1.55872	0.80735	1.63585	0.70534	1.82867	0.81979	1.82494	0.87826	1.61097	1.08974	1.41442	1.25519	1.72666	1.44428	1.79260	1.41442	2.01403	1.95680	2.25785	1.87221	1.56868	2.97812	2.06752	3.35879	2.30512	3.22444	2.59373	2.08493
ctrl10HR	2.03517	2.85372	2.15833	2.72684	2.34991	2.75420	2.34369	2.47679	2.27775	2.44072	1.97049	2.52531	1.69308	2.58502	1.73288	2.18570	1.81872	2.13594	1.54131	1.63088	1.76647	1.48782	0.41300	1.34600	0.46898	0.67797	0.70285	0.59587	1.80628	1.05739
ctrl05BL	1.22782	1.03251	1.40696	0.95538	1.47040	0.82850	1.71796	0.87328	1.71920	0.95414	1.53136	1.20045	1.35844	1.42562	1.75279	1.53260	1.82991	1.46916	2.20685	1.94934	2.40837	1.75901	1.97422	2.98186	2.60493	3.23439	2.80396	3.06272	2.83133	1.88963
ctrl09CR	1.26887	2.71066	1.17308	2.55641	1.03251	2.57258	1.01758	2.31383	1.07730	2.28895	1.36590	2.36732	1.63461	2.47306	1.60848	2.10733	1.53136	2.06379	1.89211	1.55250	1.68064	1.42437	2.94578	1.44552	2.98683	0.78371	2.75545	0.68046	1.67566	1.00514
ctrl08ER	1.28753	0.75510	1.46169	0.78869	1.57987	0.67922	1.76025	0.84467	1.72418	0.89319	1.46542	1.03127	1.19423	1.15318	1.50896	1.38332	1.58236	1.37212	1.72418	1.97671	1.95680	2.02273	0.99892	2.86243	1.46418	3.40855	1.68561	3.32271	2.25785	2.32378
ctrl13BR	0.80362	2.38225	0.75635	2.19067	0.61951	2.12972	0.70161	1.88465	0.75759	1.89460	0.99644	2.09489	1.22658	2.27527	1.33854	1.91575	1.27882	1.82867	1.79881	1.49652	1.66198	1.28007	2.81392	1.82121	3.15104	1.20543	2.98559	1.01883	1.81872	0.89940
ctrl01CL	1.07854	2.42330	1.23528	2.49297	1.25643	2.65469	1.50399	2.59871	1.51021	2.53402	1.37959	2.28522	1.23404	2.05135	1.60475	1.98790	1.66198	2.04886	2.06005	1.62839	2.24914	1.77518	1.97422	0.54860	2.65095	0.37195	2.80148	0.61204	2.68081	1.69681
ctrl04DL	0.74515	1.21040	0.74017	1.40696	0.62697	1.49652	0.75759	1.72666	0.82103	1.72293	1.01634	1.46045	1.19921	1.22906	1.39452	1.57116	1.35595	1.67068	1.87967	1.87097	1.81996	2.12350	2.90722	1.38954	3.33888	1.88714	3.21075	2.11728	2.10111	2.47928
ctrl04ER	2.54397	1.14945	2.36857	1.10342	2.31383	0.96658	2.09862	0.95414	2.08991	1.02132	2.22924	1.30992	2.36981	1.55250	2.02149	1.54380	1.95183	1.48408	1.50648	1.91575	1.30619	1.76647	1.59978	3.02664	0.99644	3.19831	0.81730	3.01296	0.88199	1.85977
ctrl01BR	0.69539	1.67939	0.75759	1.84857	0.65434	1.99785	0.88075	2.15211	0.93424	2.10981	1.03624	1.80877	1.09596	1.54255	1.41318	1.75528	1.40571	1.86972	1.97919	1.86226	2.00407	2.13718	2.71564	1.02256	3.33142	1.32858	3.30530	1.61470	2.38723	2.37230
ctrl08DL	1.50399	2.84377	1.38830	2.73306	1.25768	2.75794	1.15816	2.51163	1.22284	2.49545	1.53509	2.49048	1.81747	2.52655	1.69930	2.13967	1.59853	2.10484	1.81623	1.53882	1.56992	1.41442	2.86741	1.08352	2.76042	0.46774	2.49048	0.39310	1.45547	1.00639
ctrl09BL	0.80362	1.92819	0.92553	2.07871	0.88199	2.22426	1.09969	2.30388	1.14074	2.27278	1.14945	1.96427	1.14074	1.67690	1.46169	1.84484	1.48782	1.92073	2.05010	1.82618	2.17077	1.99288	2.53153	0.75635	3.15353	0.92180	3.19831	1.16811	2.61363	2.11603
ctrl05CR	0.81233	1.27136	0.95041	1.16313	0.96036	1.03251	1.21911	1.02380	1.20792	1.07481	1.14696	1.32858	1.08103	1.59978	1.43681	1.53758	1.48160	1.44179	1.93317	1.70552	2.10857	1.51767	2.19938	2.78530	2.87860	2.78406	2.95573	2.52282	2.50789	1.48657
ctrl02HR	2.24168	2.44818	2.31010	2.29019	2.46311	2.25661	2.43699	2.00905	2.37727	1.98915	2.07996	2.13594	1.83613	2.29019	1.81250	1.90331	1.88963	1.83987	1.47786	1.42562	1.63710	1.22409	0.37693	1.48533	0.20277	0.85960	0.38563	0.69912	1.55499	0.79864
ctrl05AL	1.14074	0.74639	1.33356	0.74764	1.42562	0.60707	1.65576	0.75510	1.63336	0.82725	1.42064	1.04371	1.17682	1.20667	1.52638	1.35595	1.62092	1.33978	1.83862	1.87345	2.10857	1.80006	1.37088	2.87114	1.86599	3.21324	2.08245	3.09133	2.42828	1.99785
ctrl013AR	2.64722	1.42064	2.48177	1.32485	2.46809	1.17060	2.22551	1.15069	2.19316	1.19921	2.31507	1.49030	2.39967	1.80130	1.99412	1.76523	1.94436	1.67442	1.45298	2.02522	1.29375	1.80379	1.31366	3.16970	0.62946	3.19334	0.43913	3.01669	0.84591	1.80628
ctrl08FR	0.87079	2.17699	0.85960	2.00656	0.76257	1.90953	0.89070	1.68810	0.95414	1.69308	1.14945	1.95183	1.30619	2.18072	1.50026	1.85231	1.46916	1.75652	1.92943	1.57738	1.87470	1.33232	2.92090	2.06254	3.30156	1.58609	3.17965	1.33978	2.13594	0.96782
ctrl11AR	0.93548	0.45654	0.87204	0.60333	0.72525	0.62199	0.76505	0.85213	0.82228	0.87701	1.09347	0.74888	1.34227	0.63568	1.36839	0.99395	1.31117	1.04868	1.68312	1.45672	1.52887	1.62839	2.77784	1.43806	2.94951	2.06876	2.74301	2.21555	1.61719	2.06130
ctrl08HL	2.62607	1.56494	2.49172	1.44552	2.47804	1.32112	2.25785	1.25270	2.23795	1.33356	2.28646	1.62714	2.37727	1.88216	1.97671	1.84609	1.91948	1.75154	1.47538	2.00159	1.32112	1.75528	1.27385	3.07142	0.63195	3.04903	0.50506	2.80148	0.92180	1.71671
ctrl06GL	1.89585	0.55357	1.73537	0.57223	1.67566	0.45530	1.46916	0.60582	1.48782	0.65558	1.74657	0.82352	1.96302	0.94916	1.69059	1.13328	1.59853	1.12581	1.43308	1.71174	1.17308	1.69308	2.03393	2.59373	1.56494	3.07391	1.33480	2.95573	0.87453	1.93939
ctrl10GR	0.33836	1.79757	0.44535	1.67317	0.39310	1.52016	0.61702	1.42064	0.64314	1.46916	0.66180	1.77020	0.66056	2.03269	1.01510	1.90580	1.03998	1.81499	1.61222	1.98044	1.70676	1.73662	2.06627	2.96693	2.72435	2.79152	2.74923	2.54273	2.09115	1.62590
ctrl10EL	2.31259	1.56619	2.38474	1.73662	2.54273	1.76025	2.49545	2.01154	2.39967	2.01154	2.16206	1.88341	1.94063	1.74657	1.83489	2.13594	1.90455	2.19192	1.46667	2.62732	1.63958	2.83258	0.33961	2.53526	0.17291	3.20204	0.38315	3.35879	1.57116	3.22692
ctrl02DR	1.23031	2.73679	1.13079	2.59995	0.95663	2.60493	0.93921	2.33498	1.01261	2.30761	1.29251	2.41086	1.56868	2.51163	1.52265	2.12101	1.44428	2.07374	1.79508	1.57365	1.57365	1.40571	2.81889	1.45298	2.87860	0.77127	2.63478	0.68544	1.56992	1.01012
ctrl03BR	1.67939	0.57970	1.51270	0.65558	1.38830	0.58343	1.23155	0.78247	1.28380	0.83969	1.58360	0.89940	1.84609	0.94916	1.63585	1.23902	1.53758	1.24275	1.59480	1.82494	1.35222	1.88963	2.42952	2.44818	2.16455	3.05525	1.91948	3.04032	1.14198	2.22799
ctrl03CR	2.53526	0.79242	2.60244	0.98275	2.76540	1.03500	2.67957	1.27385	2.61363	1.28878	2.36608	1.09098	2.14713	0.90936	2.02398	1.28878	2.06627	1.37212	1.55748	1.73164	1.73288	1.96302	0.51625	1.45423	0.23635	2.07001	0.39310	2.26531	1.60973	2.33000
ctrl02ER	1.73164	2.83133	1.85355	2.72684	1.98915	2.78530	2.08493	2.53153	2.03642	2.49919	1.74408	2.53775	1.46294	2.54024	1.57987	2.18321	1.67068	2.14838	1.52514	1.55375	1.71920	1.50648	0.47520	1.20667	0.58467	0.57721	0.82352	0.52994	1.80628	1.12084
ctrl10DL	1.99163	0.86831	2.12723	0.93050	2.25163	0.91060	2.39842	1.08725	2.35488	1.12332	2.04264	1.18677	1.76896	1.24026	1.97671	1.55624	2.06627	1.55872	2.09613	2.20187	2.25536	2.29890	1.10964	2.89851	1.38581	3.48070	1.64705	3.49065	2.49670	2.62110
ctrl10FR	1.11462	0.82601	1.29748	0.84094	1.38705	0.73271	1.59604	0.86209	1.57863	0.90811	1.34102	1.08476	1.09720	1.25270	1.42935	1.45547	1.51394	1.41069	1.70552	1.97546	1.95805	1.91077	1.17060	2.87612	1.68064	3.34386	1.90829	3.21448	2.27651	2.14465
ctrl02GL	0.62946	2.22177	0.76008	2.33000	0.76879	2.49172	1.01883	2.48675	1.03998	2.40962	0.93050	2.15335	0.85462	1.86723	1.23653	1.86350	1.28256	1.93192	1.74408	1.62341	1.86723	1.77145	1.83613	0.56104	2.44818	0.53740	2.57258	0.75386	2.28522	1.80006
ctrl04HR	0.72773	1.17060	0.87453	1.08476	0.89194	0.95538	1.12457	0.93672	1.15069	0.98897	1.06112	1.29126	0.94170	1.53384	1.31614	1.50150	1.36466	1.43308	1.86101	1.78513	2.04761	1.58236	1.92073	2.84875	2.56512	2.94827	2.70196	2.72062	2.44445	1.59107
ctrl03AL	2.49421	1.21040	2.54024	1.39203	2.66339	1.46542	2.58627	1.68686	2.51909	1.69308	2.27029	1.48160	2.06752	1.26763	1.92321	1.63585	1.96551	1.72044	1.45298	2.01900	1.58982	2.27651	0.45281	1.66820	0.13683	2.24292	0.28736	2.46187	1.45174	2.61239
ctrl04FL	1.26638	0.73893	1.14074	0.88075	1.00390	0.88323	0.95787	1.12457	1.01883	1.14447	1.31614	1.07854	1.59356	1.01883	1.53633	1.36964	1.45547	1.41566	1.75901	1.92695	1.54255	2.08618	2.84004	2.15957	2.83755	2.81143	2.60617	2.89851	1.49901	2.47306
ctrl01AL	3.19831	2.05881	3.07516	2.19814	3.11496	2.34120	2.91841	2.45813	2.86741	2.42952	2.81267	2.08618	2.82884	1.80503	2.50541	2.00283	2.48923	2.09240	1.89087	1.97795	1.81747	2.24417	1.37834	1.01883	0.72898	1.21289	0.69041	1.46542	1.45920	2.41335
ctrl06HR	1.97795	2.74301	2.09115	2.62981	2.23546	2.64598	2.28522	2.41459	2.24541	2.37727	1.93565	2.40340	1.66322	2.45316	1.76398	2.09115	1.84235	2.05757	1.60848	1.51643	1.82991	1.39949	0.61329	1.15816	0.68793	0.53616	0.93548	0.46649	1.90829	1.00514
ctrl08GR	1.62341	2.86741	1.77642	2.79899	1.89585	2.86741	2.05757	2.68330	2.02149	2.63603	1.73288	2.56512	1.45547	2.46560	1.69059	2.19192	1.79011	2.19441	1.76896	1.53384	2.03020	1.49777	0.96782	0.79367	1.18801	0.22267	1.42437	0.22765	2.27651	1.13203
ctrl12FR	0.54735	2.29890	0.68917	2.41708	0.70410	2.57009	0.97404	2.57507	1.00017	2.52531	0.88572	2.21058	0.80237	1.92197	1.18552	1.96800	1.23653	2.04886	1.73910	1.71174	1.91824	1.92073	1.90455	0.57845	2.54148	0.59214	2.66588	0.82352	2.32378	1.92073
ctrl09AR	0.56601	2.07996	0.68171	2.20809	0.66056	2.34742	0.89319	2.44196	0.91309	2.38225	0.89567	2.07747	0.95538	1.73288	1.25270	1.89336	1.27634	1.99661	1.82245	1.78762	1.94436	2.01527	2.25536	0.75510	2.88856	0.87701	2.95573	1.12332	2.31507	2.11355
ctrl10HL	2.37479	2.70444	2.48426	2.56139	2.60990	2.52158	2.66339	2.31756	2.61737	2.28895	2.26905	2.34369	2.01154	2.44072	2.04264	2.04637	2.13469	1.99288	1.85728	1.45423	2.04264	1.34849	0.70783	1.26390	0.71156	0.61329	0.94170	0.50879	2.06503	0.90314
ctrl12DL	0.79615	2.01527	0.81108	1.83862	0.70161	1.74657	0.86706	1.53136	0.93672	1.54753	1.10093	1.82618	1.24275	2.07249	1.46169	1.76150	1.42935	1.65824	2.02149	1.50523	2.01154	1.20294	3.01918	2.11977	3.48816	1.63336	3.36874	1.39949	2.21680	0.92304
ctrl08EL	1.92197	0.80362	2.06752	0.92304	2.20063	0.90687	2.29393	1.12954	2.22924	1.16438	1.93814	1.12332	1.64580	1.12084	1.77269	1.46169	1.85231	1.50523	1.62217	2.09240	1.85977	2.22924	0.55109	2.47679	0.65061	3.15602	0.89194	3.20826	1.92819	2.66588
ctrl13BL	1.42064	0.77252	1.58112	0.85338	1.70925	0.78371	1.85106	0.98026	1.81996	1.01136	1.51145	1.08725	1.21662	1.16562	1.46045	1.44801	1.54877	1.46542	1.50026	2.07871	1.76025	2.10857	0.60582	2.72186	0.91184	3.35630	1.15069	3.34262	1.96302	2.48550
ctrl04DR	0.54984	1.69930	0.64439	1.54380	0.58467	1.39327	0.81233	1.26514	0.85960	1.30122	0.87701	1.63212	0.92055	1.92321	1.26763	1.73288	1.28878	1.63958	1.85604	1.69805	1.94312	1.48408	2.46809	2.70196	3.10252	2.48053	3.10626	2.22053	2.35115	1.33356
ctrl03FL	2.31010	2.79028	2.13469	2.83506	2.06379	2.95324	1.80379	2.84128	1.84733	2.78530	2.04886	2.58502	2.25163	2.35239	1.89460	2.20311	1.80752	2.24417	1.48284	1.70552	1.26265	1.78389	1.92446	0.63319	1.38954	0.30477	1.17806	0.42793	0.91309	1.58982
ctrl11GR	2.72186	2.07374	2.62607	2.20685	2.59746	2.35364	2.36981	2.37354	2.34991	2.33125	2.41833	2.04388	2.46560	1.76398	2.10857	1.82618	2.05508	1.90082	1.52389	1.69308	1.43059	1.81996	1.33107	0.58219	0.65931	0.55109	0.55482	0.77127	0.99519	1.84235
ctrl06AL	0.87701	1.73164	0.90936	1.89336	0.83969	2.00781	1.01136	2.18570	1.05864	2.14838	1.19548	1.85355	1.28629	1.57614	1.56868	1.85479	1.55997	1.94561	2.16331	2.00159	2.17450	2.29019	2.96942	1.22533	3.49936	1.60351	3.45084	1.87345	2.50292	2.53277
ctrl01HR	1.69930	0.80486	1.85479	0.87328	1.99288	0.80735	2.12225	1.01758	2.08991	1.05366	1.79011	1.12581	1.51643	1.17433	1.71422	1.52514	1.80130	1.53882	1.77145	2.08120	2.02522	2.11106	0.87079	2.74550	1.16811	3.34262	1.43930	3.33391	2.23173	2.51038
ctrl09HL	2.34493	2.44321	2.41335	2.30263	2.56014	2.27029	2.53153	2.03144	2.47431	2.02149	2.17823	2.16331	1.94934	2.31756	1.89336	1.93814	1.95556	1.87345	1.58485	1.41069	1.70925	1.24150	0.41425	1.60475	0.23138	0.89816	0.46401	0.75013	1.64083	0.89070
ctrl10AR	2.36483	2.43823	2.20933	2.53526	2.17699	2.67210	1.90082	2.65095	1.90331	2.57631	2.03517	2.30637	2.16704	2.04015	1.77145	1.99537	1.70676	2.06379	1.18677	1.67815	1.03251	1.83240	1.29624	0.59960	0.62821	0.39807	0.46525	0.61577	0.65683	1.78264
ctrl02BR	0.78496	2.16828	0.92304	2.27775	0.91060	2.42703	1.17682	2.45067	1.19423	2.39967	1.13452	2.09489	1.05739	1.82743	1.42188	1.88963	1.46418	1.96800	2.00407	1.64083	2.13967	1.86723	2.20436	0.54238	2.86243	0.54735	2.97315	0.77874	2.57009	1.88092
ctrl06CR	1.81001	0.69788	1.95183	0.81979	2.10359	0.76879	2.16579	1.00514	2.11852	1.05242	1.81374	1.02629	1.55002	1.04246	1.66571	1.37710	1.74906	1.40447	1.56246	1.98666	1.80379	2.10359	0.53118	2.37230	0.67300	3.07391	0.91806	3.13487	1.92446	2.51163
ctrl11EL	2.40091	1.21414	2.46062	1.33605	2.62856	1.35720	2.58502	1.61968	2.51038	1.61844	2.27900	1.48782	2.00905	1.36590	1.94809	1.73413	2.01776	1.78886	1.55872	2.23546	1.75030	2.42703	0.51625	2.16331	0.32841	2.78530	0.49013	2.92090	1.64705	2.84253
ctrl03DR	1.69183	2.95822	1.53758	2.88980	1.40944	2.96320	1.27634	2.74798	1.32610	2.72062	1.58982	2.66091	1.85355	2.61115	1.62590	2.34120	1.54753	2.32503	1.58236	1.69308	1.33480	1.64083	2.41335	1.07356	2.13843	0.55357	1.90082	0.54238	1.13079	1.34102
ctrl04CR	1.62466	0.70534	1.78389	0.76132	1.90953	0.68793	2.06627	0.86706	2.03393	0.92180	1.74408	1.01012	1.46791	1.11835	1.71174	1.37461	1.81125	1.37834	1.82494	1.96053	2.08369	1.96427	1.04620	2.63478	1.38083	3.24310	1.62092	3.20826	2.31010	2.29517
ctrl01DR	1.43681	1.20045	1.39078	1.35968	1.23902	1.38332	1.26514	1.62217	1.32485	1.62714	1.60848	1.49279	1.82369	1.35595	1.87843	1.73413	1.82121	1.80628	2.20436	2.20187	2.02025	2.43574	3.29659	2.12972	3.47324	2.74798	3.26922	2.93458	2.05757	2.80148
ctrl08BL	1.05739	2.76913	1.22658	2.80770	1.31490	2.89602	1.52514	2.82262	1.52887	2.75669	1.31117	2.55268	1.10466	2.34742	1.44428	2.19316	1.52389	2.23048	1.77891	1.74657	2.04015	1.80752	1.37959	0.73147	1.91575	0.32841	2.14340	0.45530	2.37354	1.60848
ctrl13EL	2.77162	1.53882	2.69822	1.68561	2.76167	1.82867	2.54895	1.94187	2.51038	1.89958	2.43574	1.59231	2.39593	1.31739	2.06254	1.50523	2.04264	1.58485	1.47164	1.50274	1.41069	1.75030	0.84716	0.57472	0.20899	0.80362	0.21147	1.07108	1.07356	1.94561
ctrl09DL	2.99554	1.38705	2.88482	1.24772	2.93832	1.07605	2.69947	1.01883	2.64722	1.06610	2.66091	1.38954	2.67708	1.66820	2.31134	1.54255	2.27153	1.43806	1.72418	1.61719	1.59107	1.37834	1.30122	2.65717	0.63817	2.50914	0.58716	2.23546	1.21289	1.25768
ctrl05ER	0.70285	1.83987	0.81233	2.01029	0.80859	2.14216	1.00390	2.24043	1.05864	2.17699	1.04495	1.90082	1.06983	1.58236	1.38830	1.76398	1.40944	1.83613	1.99537	1.74781	2.08991	1.92321	2.41833	0.70659	3.06272	0.85587	3.09755	1.11088	2.48799	2.02895
ctrl05GL	0.84591	2.01278	0.94916	2.14962	0.96534	2.26780	1.15940	2.34493	1.18179	2.29268	1.18428	2.00781	1.15318	1.73288	1.53011	1.82867	1.56121	1.91699	2.13096	1.70552	2.23173	1.93317	2.49670	0.72151	3.11372	0.81481	3.18587	1.05739	2.63851	2.04139
ctrl01FL	1.04246	1.22658	1.21289	1.17184	1.25892	1.02380	1.51021	1.08352	1.51021	1.13328	1.33356	1.38456	1.16438	1.63336	1.53260	1.68188	1.59729	1.62217	1.99910	2.09737	2.18694	1.92570	1.84733	3.16348	2.48426	3.37372	2.65593	3.18587	2.60741	2.04886
ctrl03HR	2.09862	0.48267	1.91575	0.49013	1.80752	0.38812	1.61470	0.49759	1.67068	0.56477	1.89336	0.75510	2.11479	0.92304	1.83738	1.09471	1.74159	1.08849	1.59978	1.64954	1.34973	1.59356	2.15833	2.59871	1.70178	2.99803	1.47786	2.88234	1.03002	1.81499
ctrl04AL	0.73271	1.44179	0.77874	1.60973	0.72649	1.73040	0.88572	1.89087	0.94294	1.85728	1.03749	1.56743	1.11710	1.30868	1.41442	1.53882	1.41193	1.63088	1.99412	1.66571	1.97795	1.92321	2.80023	0.92180	3.29161	1.27136	3.23066	1.52514	2.33622	2.17575
ctrl11HL	2.04139	0.83596	2.16331	0.95912	2.33871	0.93548	2.37230	1.18304	2.31383	1.21040	2.01029	1.15194	1.74657	1.07854	1.84982	1.40447	1.91451	1.44801	1.68561	1.96675	1.84111	2.09737	0.54984	2.21058	0.58965	2.90597	0.80611	2.99181	1.88838	2.51909
ctrl01GL	0.65807	1.49528	0.79118	1.37959	0.79491	1.24026	1.02380	1.18677	1.04495	1.22658	1.03624	1.57116	0.93921	1.80255	1.36093	1.77642	1.40447	1.68437	1.93939	1.93441	2.06627	1.72666	2.19814	2.98683	2.86243	2.91841	2.94205	2.65717	2.43325	1.64705
ctrl13FR	2.53775	1.13328	2.38474	1.03624	2.36483	0.90065	2.13843	0.89567	2.09862	0.92055	2.21555	1.26016	2.31259	1.52887	1.94561	1.51767	1.88341	1.44179	1.43557	1.79508	1.27385	1.59231	1.36093	2.95324	0.68171	3.02042	0.54860	2.79152	0.80237	1.65327
ctrl08AR	1.51643	2.96320	1.35471	2.92712	1.24524	3.03908	1.06112	2.84502	1.10093	2.78904	1.36342	2.67335	1.60973	2.53775	1.33978	2.25661	1.26016	2.28149	1.15816	1.69681	0.87950	1.71298	1.86475	0.87204	1.45547	0.35453	1.21911	0.40927	0.60458	1.43308
ctrl09GR	2.07125	0.91433	1.88838	0.95538	1.78762	0.84965	1.59480	1.00514	1.61719	1.06610	1.89087	1.20045	2.15335	1.31117	1.84360	1.57614	1.76274	1.55375	1.64580	2.10111	1.39949	2.07001	2.30512	2.90722	1.89833	3.42596	1.65078	3.35506	1.09844	2.37852
ctrl05FL	1.02878	2.62359	0.98275	2.44569	0.84591	2.38598	0.90314	2.12599	0.97778	2.12723	1.24772	2.31756	1.47413	2.51038	1.58858	2.09613	1.51767	2.02647	1.93814	1.62217	1.82245	1.41691	3.10999	1.87843	3.33142	1.28753	3.13238	1.08352	1.95307	1.08600
ctrl05DR	0.82974	1.15940	0.80611	1.33356	0.71405	1.43557	0.79491	1.65202	0.85960	1.63212	1.07232	1.40820	1.25519	1.18677	1.45423	1.53011	1.39825	1.62217	1.96302	1.87345	1.87843	2.15211	3.01296	1.39327	3.36998	1.91948	3.25927	2.13718	2.11603	2.50789
ctrl09EL	2.69076	0.98524	2.74052	1.16313	2.90224	1.23031	2.74301	1.46791	2.67957	1.46542	2.44694	1.25768	2.26656	1.06859	2.10733	1.39327	2.14216	1.47040	1.61968	1.74781	1.69681	2.00905	0.50257	1.42935	0.22143	2.00159	0.38688	2.19565	1.50648	2.38225
ctrl12BL	1.14447	0.71405	1.07232	0.87826	0.93175	0.89194	0.93672	1.13825	0.99892	1.14447	1.28256	1.03251	1.52140	0.93299	1.54753	1.29002	1.47911	1.34724	1.74657	1.85231	1.66820	2.00283	2.91095	1.79260	3.03535	2.45191	2.82262	2.59249	1.69432	2.40215
ctrl08CL	1.37586	2.85621	1.21911	2.75669	1.05615	2.79401	0.99022	2.55392	1.07605	2.53153	1.37461	2.50789	1.65949	2.50416	1.50399	2.16082	1.41193	2.15087	1.58485	1.60226	1.34973	1.50026	2.61239	1.13576	2.45565	0.48267	2.21680	0.43415	1.22658	1.07232
ctrl01ER	0.52496	2.14838	0.51750	1.97671	0.39932	1.87470	0.53740	1.66944	0.61329	1.69059	0.79491	1.91824	0.95290	2.15957	1.15816	1.84360	1.15069	1.75030	1.74906	1.58609	1.69183	1.30370	2.67459	2.15957	3.13114	1.70054	3.02540	1.46418	1.91948	0.99644
ctrl04BR	1.34476	0.80859	1.53136	0.79367	1.62839	0.69415	1.83240	0.80362	1.81623	0.84591	1.56246	1.07356	1.31988	1.18552	1.66198	1.39078	1.74657	1.36590	1.92695	1.84484	2.17326	1.80628	1.43432	2.82387	1.91824	3.19956	2.14713	3.10128	2.54273	2.07996
ctrl06BR	2.69574	2.44694	2.74052	2.27527	2.88607	2.22053	2.79152	1.96800	2.71191	2.00407	2.46933	2.17077	2.26283	2.36483	2.18694	2.00034	2.23297	1.91575	1.74408	1.58982	1.86475	1.40074	0.69663	1.88714	0.42420	1.30619	0.57472	1.09471	1.69930	0.95787
ctrl07DR	1.40198	3.24310	1.27882	3.12243	1.10218	3.17468	1.03749	2.92090	1.08974	2.86119	1.39576	2.87736	1.71422	2.88234	1.55872	2.52282	1.46294	2.50043	1.65700	1.90331	1.42810	1.74408	2.69201	1.44676	2.55641	0.83596	2.27900	0.77501	1.32361	1.35844
ctrl02CR	2.86368	2.35613	2.86243	2.17575	2.96444	2.06503	2.81143	1.86723	2.75545	1.89460	2.58751	2.15957	2.43947	2.40464	2.22799	2.08245	2.24790	1.99537	1.67815	1.83738	1.71671	1.57738	0.73644	2.46311	0.26497	1.98044	0.35827	1.74159	1.41069	1.25643
ctrl02AL	2.37727	0.80113	2.20311	0.80735	2.09489	0.66305	1.88838	0.83099	1.90580	0.89692	2.16331	1.09222	2.43077	1.24399	2.09364	1.42686	2.00407	1.38083	1.84733	1.92943	1.58236	1.88341	2.41957	2.90348	1.93690	3.30032	1.72169	3.21200	1.29002	2.15087
ctrl07FL	0.63443	2.13221	0.75759	2.25661	0.71281	2.40340	0.93797	2.45191	0.94792	2.39842	0.98275	2.09737	0.95290	1.85853	1.29500	1.94561	1.31241	2.02398	1.84235	1.83240	1.96924	2.00905	2.24790	0.80237	2.88358	0.94419	2.94205	1.16313	2.32751	2.14465
hsgr09HR	2.61505	1.22752	2.46130	1.12502	2.45755	0.97252	2.23254	0.93251	2.20379	0.97877	2.25754	1.33627	2.36129	1.58003	1.99129	1.54128	1.90503	1.47503	1.43502	1.73378	1.28752	1.53253	1.22877	2.83380	0.57251	2.83380	0.48751	2.56755	0.87001	1.49753
hsgr07GR	2.75630	1.41627	2.75380	1.58878	2.92381	1.66503	2.85255	1.88753	2.77130	1.86378	2.52505	1.66378	2.35879	1.46753	2.21129	1.80378	2.24004	1.86753	1.68253	2.14754	1.74878	2.39379	0.57001	1.80003	0.24000	2.34754	0.41250	2.57505	1.53378	2.76005
hsgr07EL	1.88128	0.85626	1.69003	0.91751	1.59628	0.79376	1.39627	0.93251	1.42252	0.97752	1.68128	1.18377	1.93379	1.32252	1.62753	1.52253	1.53253	1.49753	1.37877	2.05754	1.15127	2.03254	1.94879	3.01756	1.46753	3.48257	1.20877	3.38757	0.80501	2.34379
hsgr06CL	0.72876	2.43380	0.67751	2.26504	0.52001	2.25379	0.55126	2.01254	0.57626	2.02379	0.86126	2.11129	1.06877	2.22504	1.08127	1.88378	1.03127	1.82753	1.39627	1.40502	1.23252	1.24252	2.39379	1.37627	2.51880	0.75876	2.31379	0.62876	1.29002	0.83001
hsgr03DL	2.43130	2.89006	2.47255	2.71255	2.62130	2.65380	2.54130	2.40130	2.47255	2.40505	2.22879	2.60130	2.02754	2.80255	1.89378	2.41255	1.95254	2.34004	1.50253	2.03629	1.59253	1.78628	0.35500	2.28254	0.09000	1.68878	0.29375	1.50628	1.43627	1.41127
hsgr04CL	1.13752	3.07756	1.31502	3.09006	1.41877	3.17131	1.61628	3.07756	1.58628	3.00756	1.34627	2.84755	1.11252	2.68755	1.43627	2.46255	1.52003	2.47130	1.70003	1.92754	1.94879	1.98379	1.14127	0.96377	1.62003	0.55876	1.84628	0.66126	2.24504	1.76128
hsgr01DL	2.89881	2.38129	2.89756	2.20629	3.01006	2.10379	2.86380	1.90003	2.80505	1.91878	2.64755	2.16129	2.48505	2.38879	2.27254	2.07629	2.30754	1.99379	1.76253	1.80628	1.81753	1.55128	0.83251	2.31004	0.40875	1.79378	0.51751	1.54378	1.54378	1.20502
hsgr08BR	2.11004	0.60751	1.92629	0.68501	1.79378	0.62376	1.68378	0.85501	1.68003	0.85251	1.97879	0.91126	2.27254	1.00127	2.04254	1.32502	1.94879	1.32502	1.95629	1.85628	1.71878	1.91878	2.81255	2.57130	2.51380	3.11381	2.25129	3.09131	1.50128	2.27629
hsgr09DR	0.52001	1.26877	0.55501	1.10127	0.48751	0.96377	0.68751	0.77626	0.73626	0.83501	0.82876	1.14127	0.90126	1.42252	1.23627	1.18002	1.24002	1.07627	1.78003	1.06877	1.85003	0.79626	2.61880	1.84378	3.16631	1.50128	3.12381	1.25002	2.17879	0.56001
hsgr05EL	0.47500	2.20754	0.48751	2.03004	0.28000	1.97129	0.40250	1.77253	0.43250	1.74253	0.75876	1.98504	0.91751	2.22129	1.09377	1.90128	1.06752	1.80753	1.61878	1.58128	1.58753	1.38002	2.66130	2.07754	3.00381	1.59128	2.86755	1.36502	1.78378	1.05627
hsgr01FR	2.16629	0.86251	1.98254	0.84626	1.91503	0.71001	1.66128	0.80376	1.67003	0.85876	1.88628	1.08627	2.09004	1.31752	1.72253	1.41877	1.64753	1.37377	1.31127	1.93129	1.06127	1.82003	1.63378	2.98381	1.07627	3.30756	0.87501	3.13256	0.69251	1.98879
hsgr03HL	1.06252	0.45875	1.21877	0.52376	1.35377	0.44375	1.49128	0.65126	1.42252	0.69876	1.16752	0.81376	0.90751	0.85126	1.15252	1.13002	1.25002	1.12127	1.24377	1.70628	1.48503	1.73753	0.46375	2.45380	0.78251	2.97256	1.03502	2.92131	1.70753	2.06129
hsgr04AR	0.45250	2.26504	0.43000	2.08379	0.27750	2.03879	0.38375	1.80628	0.42875	1.83128	0.67751	2.00879	0.87251	2.20504	1.02627	1.84753	0.99377	1.77753	1.44128	1.48253	1.34752	1.28127	2.44005	1.80878	2.76755	1.27377	2.60255	1.08627	1.53128	0.91626
hsgr08AL	0.91876	3.00256	0.77876	2.85755	0.62376	2.90631	0.55626	2.65755	0.61126	2.62005	0.92751	2.64005	1.22252	2.65630	1.09752	2.26754	1.01002	2.23254	1.21502	1.69378	0.99627	1.55253	2.27004	1.28627	2.16379	0.68126	1.89628	0.63001	0.90251	1.15877
hsgr07HL	1.99004	0.77251	2.10004	0.90876	2.28254	0.89376	2.29004	1.16002	2.20254	1.16252	1.91378	1.11502	1.64253	1.05252	1.68878	1.44378	1.78253	1.51503	1.48128	1.97754	1.68253	2.14754	0.33750	2.16254	0.38500	2.80630	0.59126	2.88881	1.67003	2.56130
hsgr09GL	2.64880	2.01629	2.53130	2.14004	2.57005	2.28629	2.31379	2.32754	2.30254	2.24254	2.32879	1.99754	2.37754	1.73503	2.02379	1.82753	1.97004	1.90003	1.47378	1.66878	1.29502	1.86878	1.10002	0.58126	0.48001	0.64376	0.35000	0.88251	0.91251	1.93004
hsgr05FR	2.28254	2.75130	2.41630	2.62880	2.58630	2.66630	2.64630	2.39629	2.57880	2.35629	2.26129	2.39629	1.97379	2.43880	2.04754	2.03879	2.14004	1.98754	1.93879	1.49128	2.15504	1.33127	0.82876	1.08877	0.89376	0.47250	1.15502	0.36750	2.23254	0.88251
hsgr09ER	0.44500	1.34502	0.57751	1.23502	0.58376	1.06377	0.83876	1.03002	0.85751	1.08627	0.82876	1.40627	0.72626	1.67378	1.14877	1.62128	1.19252	1.54878	1.67753	1.79253	1.83753	1.61753	1.87128	2.88881	2.52630	2.90006	2.64255	2.65880	2.23379	1.59503
hsgr08CR	1.79753	0.68001	1.93129	0.79251	2.08504	0.77751	2.14379	1.03377	2.09254	1.06377	1.76628	1.05377	1.50253	0.98877	1.63003	1.33377	1.70753	1.37127	1.46878	1.94879	1.70378	2.05004	0.41500	2.31879	0.53251	2.97631	0.78626	3.04881	1.80128	2.48505
hsgr01EL	2.65255	2.11504	2.69505	1.94629	2.83755	1.89628	2.73380	1.65628	2.65505	1.69128	2.45630	1.85878	2.25004	2.05754	2.11379	1.66753	2.16879	1.59628	1.68378	1.27627	1.82503	1.05877	0.61501	1.56378	0.33250	0.96627	0.49001	0.78126	1.63253	0.65251
hsgr04BL	2.91631	1.36127	2.79755	1.22377	2.85130	1.04002	2.58880	0.98502	2.56880	1.07502	2.55630	1.37877	2.60005	1.65503	2.22379	1.52878	2.19004	1.43627	1.58753	1.68378	1.41752	1.45503	1.14627	2.78380	0.50251	2.64630	0.42500	2.37629	1.02377	1.35752
hsgr06BL	0.39625	0.78376	0.55501	0.70751	0.58626	0.56626	0.79751	0.53126	0.80251	0.58751	0.73501	0.89626	0.64751	1.18002	1.00877	1.12252	1.06627	1.05752	1.52628	1.38127	1.69878	1.18502	1.66878	2.43880	2.27629	2.44880	2.39129	2.21754	2.09504	1.18627
hsgr07DL	2.55880	2.08129	2.44380	2.19504	2.44505	2.35129	2.18129	2.40130	2.18879	2.32504	2.23004	2.05254	2.27879	1.77628	1.93504	1.87253	1.89378	1.94004	1.35127	1.67003	1.22002	1.87503	1.08627	0.63501	0.41125	0.66626	0.32625	0.90751	0.80001	1.92629
hsgr05HL	2.07129	0.54376	1.88253	0.54501	1.79378	0.39250	1.55753	0.51126	1.58378	0.55876	1.82753	0.77251	2.05379	0.99002	1.70128	1.13502	1.61128	1.10252	1.31127	1.66378	1.10502	1.59753	1.85878	2.71255	1.31627	3.05256	1.10127	2.92131	0.79501	1.79628
hsgr07FR	0.64001	1.14502	0.63626	1.22627	0.48501	1.29752	0.59876	1.51378	0.64251	1.50628	0.88126	1.32752	1.03127	1.14627	1.18252	1.44378	1.15252	1.50628	1.60503	1.74128	1.53753	1.94879	2.61380	1.41752	2.92256	1.91128	2.75880	2.11629	1.73503	2.30504
hsgr03GR	0.61751	2.38379	0.78001	2.43880	0.83501	2.61130	1.07627	2.52505	1.04502	2.44255	0.89626	2.19129	0.71001	1.99004	1.07502	1.88753	1.15502	1.93629	1.48503	1.51378	1.70378	1.62128	1.27002	0.41625	1.86753	0.16125	2.03129	0.28500	2.08879	1.47378
hsgr01BL	0.50376	0.60251	0.44875	0.76876	0.33125	0.81876	0.33875	1.06627	0.38250	1.05752	0.68876	0.92876	0.88876	0.74751	0.96377	1.14252	0.90376	1.20627	1.27752	1.58128	1.12127	1.80503	2.37254	1.54753	2.56130	2.17879	2.34754	2.33879	1.20252	2.20879
hsgr09BR	2.27629	0.64001	2.10254	0.65001	1.99629	0.51001	1.78003	0.67126	1.80253	0.70626	2.05004	0.92251	2.28504	1.13002	1.95254	1.29877	1.85128	1.29877	1.66128	1.85253	1.39627	1.81753	2.15004	2.96006	1.63128	3.31381	1.38502	3.17006	1.05752	2.04879
hsgr02HL	0.80876	1.47878	0.79876	1.63253	0.75001	1.72003	0.86626	1.91503	0.93001	1.86753	1.07127	1.67878	1.21877	1.46003	1.42252	1.76753	1.36627	1.84378	1.90253	2.02754	1.85003	2.23879	2.86630	1.55003	3.24131	2.02629	3.10881	2.24379	2.12129	2.56255
hsgr08FL	2.41130	1.23252	2.12129	1.26627	2.12254	1.11752	1.85628	1.12377	1.86003	1.21002	1.92629	1.49128	2.03629	1.73378	1.65878	1.70503	1.61003	1.62878	1.09502	1.90253	0.92751	1.77753	1.00127	3.06131	0.33375	3.12756	0.20500	2.90631	0.53126	1.81128
hsgr04GR	0.52001	1.73378	0.58376	1.90128	0.48001	2.05254	0.71001	2.19879	0.75501	2.12379	0.86126	1.84628	0.94376	1.57628	1.23127	1.80878	1.24002	1.89878	1.84128	1.87628	1.87878	2.15504	2.57255	1.04377	3.15131	1.37252	3.13131	1.64378	2.26754	2.38504
hsgr08HR	2.26379	1.14502	2.10254	1.05627	2.12379	0.87876	1.87003	0.84751	1.86378	0.93626	1.89253	1.23252	2.01379	1.48878	1.60753	1.41877	1.55753	1.33877	1.05127	1.62128	0.92751	1.41127	0.80626	2.71130	0.19000	2.71380	0.06875	2.43880	0.52126	1.38002
hsgr06GR	1.10877	0.94876	1.29002	0.87751	1.35877	0.76001	1.59128	0.82501	1.57253	0.90876	1.44503	1.15252	1.24002	1.35502	1.62253	1.37627	1.68753	1.30377	2.09879	1.78003	2.30754	1.62503	2.07629	2.91256	2.68130	3.08506	2.83005	2.86755	2.74380	1.77378
hsgr07AR	0.54001	2.55380	0.70626	2.64130	0.73751	2.79380	0.99127	2.73255	0.96877	2.64505	0.84751	2.37004	0.69876	2.17254	1.07627	2.12629	1.14377	2.19129	1.56753	1.78378	1.75503	1.94629	1.47003	0.65751	2.13379	0.46875	2.29879	0.67501	2.19254	1.84628
hsgr02FR	2.49880	2.64005	2.53880	2.48755	2.71005	2.43130	2.60005	2.20879	2.52005	2.24004	2.27629	2.39254	2.10254	2.57630	1.96379	2.22879	2.02004	2.16129	1.53503	1.85378	1.61628	1.65378	0.44500	2.08254	0.17750	1.54253	0.35125	1.35002	1.45503	1.28627
hsgr02DL	0.76001	0.80626	0.68876	0.94376	0.52251	0.95876	0.57001	1.19627	0.65001	1.18377	0.93501	1.16252	1.13502	1.04627	1.15002	1.37252	1.09752	1.43252	1.49253	1.83128	1.34627	1.98629	2.52380	1.83253	2.70755	2.42880	2.48755	2.57130	1.42502	2.38504
hsgr07CL	0.80251	2.52255	0.77751	2.34754	0.61251	2.26004	0.74126	2.03004	0.81876	2.07629	1.04627	2.27379	1.24127	2.47755	1.42502	2.12879	1.38252	2.05004	1.90503	1.75628	1.84878	1.54128	2.97756	2.23004	3.35131	1.66378	3.21256	1.45628	2.04629	1.18752
hsgr06EL	2.17754	2.24754	2.00379	2.31879	1.97004	2.44005	1.71003	2.39129	1.72753	2.30129	1.83753	2.01504	2.01254	1.83378	1.63753	1.80128	1.56003	1.85378	1.14377	1.44128	0.94376	1.58503	1.19377	0.26625	0.53626	0.11125	0.37750	0.32625	0.50251	1.50753
hsgr03BL	0.99627	0.62751	1.19252	0.66626	1.31502	0.54626	1.49878	0.73751	1.45878	0.75626	1.21127	0.91626	0.95126	1.06877	1.26752	1.32627	1.35502	1.30877	1.47628	1.89503	1.75128	1.91253	0.84626	2.81880	1.30502	3.32131	1.54378	3.21631	2.02379	2.18379
hsgr07BL	0.47625	2.25754	0.44625	2.08879	0.33625	2.00754	0.43875	1.76628	0.47750	1.79628	0.70001	1.98379	0.91376	2.18629	1.02502	1.79128	0.97752	1.72378	1.50878	1.32377	1.39252	1.11252	2.61755	1.65503	2.89131	1.02377	2.71005	0.81126	1.47503	0.75876
hsgr02EL	0.97002	2.61130	0.85876	2.49255	0.69001	2.52880	0.66626	2.27004	0.74876	2.25754	1.02127	2.26629	1.28502	2.30879	1.21752	1.94629	1.13627	1.92379	1.40877	1.37877	1.20252	1.24377	2.43380	1.07127	2.40755	0.42375	2.15004	0.35625	1.16252	0.84251
hsgr02GR	1.38002	2.88131	1.23127	2.78255	1.05877	2.84130	0.96877	2.59755	1.05377	2.57380	1.34377	2.55880	1.60253	2.56130	1.50253	2.15129	1.39502	2.11254	1.53503	1.60128	1.26627	1.51628	2.53005	1.18877	2.38879	0.52376	2.11629	0.46000	1.14502	1.16252
hsgr06FR	2.63630	2.73880	2.66380	2.56005	2.83880	2.48380	2.70130	2.23754	2.62005	2.27879	2.36129	2.47005	2.18629	2.66755	2.00379	2.29629	2.03629	2.20379	1.50878	1.91128	1.62128	1.66378	0.41750	2.26629	0.08500	1.70378	0.24375	1.48253	1.37627	1.27252
hsgr04HL	2.55005	1.64253	2.42630	1.52253	2.48255	1.35252	2.23004	1.27627	2.19004	1.32127	2.19504	1.63003	2.19254	1.90503	1.86253	1.76253	1.82753	1.66878	1.25752	1.84753	1.14002	1.62503	0.84376	2.82130	0.13750	2.69380	0.11000	2.43380	0.73126	1.49628
hsgr03AR	0.80376	2.26129	0.79876	2.08629	0.64626	1.98379	0.80001	1.77378	0.83001	1.79503	1.04002	2.07129	1.20127	2.30129	1.38127	1.97004	1.33627	1.87628	1.87878	1.67628	1.86378	1.40252	2.94131	2.18879	3.36257	1.70503	3.23881	1.44628	2.14004	1.09127
hsgr04FR	1.09127	2.59630	1.24002	2.68630	1.25127	2.83255	1.51253	2.80630	1.53003	2.74005	1.40752	2.47380	1.27627	2.20504	1.66128	2.16754	1.73003	2.22754	2.13629	1.89003	2.31129	2.06629	2.16379	0.75751	2.83255	0.58626	2.98756	0.83751	2.74130	2.02379
hsgr01AR	0.64126	2.27004	0.62251	2.08754	0.46125	1.99754	0.60001	1.75753	0.67501	1.80503	0.89376	2.00879	1.09002	2.21629	1.23127	1.85753	1.19877	1.77753	1.78253	1.49628	1.69503	1.22377	2.79630	1.93754	3.19506	1.41002	3.08256	1.16127	1.87503	0.87251
hsgr06HL	2.38754	2.89381	2.44005	2.70255	2.58755	2.65380	2.52505	2.40630	2.47255	2.41630	2.20004	2.58755	1.94379	2.79505	1.89128	2.39379	1.97504	2.31754	1.48503	1.94629	1.61128	1.69878	0.30375	2.08879	0.09250	1.48753	0.31125	1.31502	1.44628	1.33377
hsgr08GL	1.94129	0.87876	2.01754	1.05127	2.19754	1.04127	2.21879	1.29252	2.13879	1.29627	1.83378	1.22627	1.58503	1.13627	1.61378	1.52878	1.67753	1.57628	1.33752	2.06254	1.53003	2.22379	0.23500	2.24504	0.18500	2.88881	0.43000	2.99631	1.51253	2.66380
hsgr09AL	0.50876	1.96004	0.58751	1.79378	0.47750	1.65003	0.69001	1.50003	0.74001	1.51253	0.86876	1.82378	0.93376	2.08254	1.23127	1.84003	1.22002	1.72878	1.78003	1.72753	1.81003	1.47003	2.55505	2.54130	3.14256	2.21629	3.11256	1.91503	2.16629	1.21877
hsgr04DL	2.49630	1.21752	2.32129	1.11127	2.33379	0.96502	2.08379	0.93501	2.05754	0.97127	2.12629	1.32002	2.18004	1.60753	1.81378	1.51378	1.76253	1.43752	1.21877	1.75628	1.05002	1.54628	0.91251	2.89006	0.26625	2.82880	0.17375	2.61005	0.60001	1.54878
hsgr01BR	1.11127	2.79505	1.28627	2.78755	1.38377	2.92756	1.60253	2.74505	1.57003	2.67505	1.31877	2.48630	1.08877	2.39754	1.41377	2.13504	1.50003	2.16879	1.67878	1.72378	1.91628	1.78128	1.17502	0.71876	1.69753	0.28000	1.95129	0.41125	2.29379	1.47628
hsgr08DL	0.41250	2.19879	0.56626	2.30879	0.55626	2.48505	0.81626	2.45130	0.80251	2.51505	0.76126	2.14129	0.68626	1.87128	1.02377	1.94879	1.08752	1.99754	1.62878	1.65628	1.82378	1.85628	1.78628	0.59501	2.43005	0.55626	2.55880	0.80501	2.19254	1.86503
hsgr02HR	0.60001	1.02877	0.77376	1.04752	0.85126	0.92001	1.04877	1.02752	1.04752	1.05877	0.82751	1.28877	0.61251	1.45003	0.92126	1.62628	1.01002	1.59753	1.21627	2.08129	1.41502	2.05504	0.80126	3.09756	1.28752	3.44507	1.48628	3.29506	1.76253	2.30504
hsgr08FR	0.82751	1.98504	0.82626	1.81128	0.68126	1.71253	0.83876	1.49878	0.90751	1.55003	1.07877	1.76628	1.27377	1.99379	1.47003	1.66378	1.44878	1.56878	1.96004	1.36002	1.90378	1.11377	2.95381	1.86878	3.37632	1.35627	3.26131	1.14252	2.19504	0.78126
hsgr04GL	0.36500	1.41002	0.40250	1.59378	0.38125	1.72753	0.51001	1.90753	0.56626	1.83878	0.67501	1.58878	0.79001	1.32502	1.05502	1.60128	1.04002	1.70378	1.61628	1.78128	1.62003	2.05504	2.52380	1.09002	3.04881	1.49503	2.95006	1.75503	2.00004	2.34754
hsgr08HL	0.98002	0.60751	1.15627	0.63876	1.26377	0.57001	1.45253	0.72501	1.39502	0.77251	1.15752	0.88251	0.92501	1.07627	1.24502	1.26127	1.31877	1.22002	1.45753	1.80003	1.71253	1.75503	0.84001	2.71630	1.29752	3.17631	1.55628	3.06631	2.03754	1.96254
hsgr06GL	0.99127	1.31502	1.13377	1.22627	1.13877	1.04502	1.39502	1.07752	1.38752	1.16377	1.28502	1.40002	1.18627	1.70753	1.54003	1.68503	1.61003	1.58128	2.13004	2.03629	2.28629	1.84128	2.20379	3.12631	2.83130	3.24756	2.97131	3.03006	2.69880	1.89503
hsgr07AL	1.01002	0.72876	0.90376	0.83501	0.72126	0.80626	0.66876	1.06252	0.75751	1.07127	1.05877	1.05002	1.33752	0.98002	1.23377	1.35252	1.14752	1.38127	1.40002	1.91253	1.18752	2.07129	2.49380	2.23129	2.43005	2.90756	2.17879	2.99131	1.08877	2.45880
hsgr02FL	0.82001	2.32504	0.76001	2.16379	0.59376	2.11254	0.69376	1.86128	0.73876	1.86628	1.02627	2.05504	1.24877	2.23379	1.30627	1.88253	1.25502	1.80128	1.74253	1.48503	1.62128	1.27627	2.79130	1.67878	3.01006	1.12877	2.86880	0.96252	1.77128	0.91501
hsgr02DR	0.50126	1.52128	0.64501	1.41252	0.64126	1.28627	0.88376	1.31877	0.88001	1.28752	0.83376	1.63628	0.77626	1.88503	1.09877	1.79378	1.14377	1.73753	1.60128	2.01004	1.76503	1.84628	1.80753	3.05006	2.44880	3.07131	2.53255	2.84630	2.16754	1.85503
hsgr07CR	0.43000	1.48503	0.43375	1.66753	0.38625	1.77378	0.46750	1.96379	0.53876	1.90753	0.70126	1.67753	0.87251	1.44878	1.09752	1.74628	1.06002	1.83003	1.64003	1.99879	1.62253	2.24504	2.63505	1.46628	3.05756	1.97129	2.97381	2.15129	1.82753	2.57255
hsgr06ER	0.44625	1.68878	0.47375	1.51503	0.39500	1.39252	0.52876	1.22127	0.59001	1.28627	0.77001	1.53128	0.88001	1.78878	1.12627	1.51878	1.12502	1.41002	1.64378	1.31127	1.68628	1.07377	2.59880	2.00379	3.04756	1.59503	2.98881	1.28877	1.98754	0.75001
hsgr03BR	1.29502	0.71126	1.45503	0.76251	1.57128	0.71626	1.73753	0.89251	1.66753	0.94751	1.41377	1.03627	1.16877	1.16252	1.41377	1.44503	1.50128	1.42752	1.54128	2.07254	1.81253	2.09504	0.77376	2.87130	1.15252	3.39632	1.41377	3.34881	2.04879	2.39254
hsgr07BR	2.73255	1.53253	2.71755	1.71503	2.85880	1.80503	2.72255	2.04129	2.65130	2.01879	2.44880	1.75503	2.31754	1.53003	2.11254	1.85753	2.11629	1.94004	1.58128	2.15004	1.61253	2.43130	0.49876	1.68628	0.12500	2.18254	0.21125	2.44880	1.39752	2.75505
hsgr02ER	2.53380	3.13381	2.61755	2.99256	2.79630	2.98631	2.75755	2.73255	2.67255	2.74005	2.40255	2.81130	2.14129	2.91756	2.13629	2.54505	2.21754	2.48255	1.82878	2.04504	1.99254	1.88253	0.73501	1.96504	0.60251	1.33002	0.85251	1.18877	1.92754	1.46503
hsgr06FL	2.15879	0.59251	2.24629	0.75001	2.43130	0.76376	2.41255	1.04127	2.32754	1.04502	2.02629	0.92126	1.76128	0.79876	1.71378	1.21752	1.80003	1.28877	1.44628	1.75003	1.60753	1.91378	0.24875	1.82253	0.16750	2.47755	0.39250	2.58255	1.48628	2.38129
hsgr04HR	1.62128	3.04131	1.47378	2.98381	1.34002	3.07506	1.18502	2.85380	1.22002	2.81255	1.50003	2.73505	1.77128	2.65255	1.52253	2.34754	1.43252	2.34629	1.40502	1.77003	1.16002	1.73253	2.20254	1.06627	1.88378	0.46250	1.61003	0.50376	0.90251	1.40002
hsgr03AL	0.76376	0.55251	0.95626	0.56376	1.05377	0.42625	1.26127	0.56876	1.25627	0.61751	0.99877	0.82626	0.74626	0.97252	1.08877	1.15752	1.17627	1.12627	1.36877	1.69128	1.64378	1.67253	0.85126	2.75005	1.33252	3.14381	1.57753	3.01006	1.95504	1.92004
hsgr04FL	0.51001	1.03252	0.50376	1.21877	0.42625	1.31502	0.55001	1.52503	0.60126	1.50628	0.80001	1.25877	0.93751	1.01252	1.18252	1.33627	1.14752	1.42877	1.66003	1.64128	1.60878	1.86253	2.68255	1.07877	3.12131	1.57878	2.99506	1.84128	1.84003	2.20754
hsgr01AL	2.51255	1.25252	2.34379	1.28752	2.26629	1.14502	2.06504	1.26502	2.08379	1.32002	2.32504	1.47878	2.51880	1.65753	2.20754	1.77878	2.15754	1.75753	1.91628	2.25254	1.71878	2.17379	2.28754	3.17131	1.79253	3.51007	1.58753	3.35256	1.37127	2.36754
hsgr06HR	0.45625	2.35754	0.58751	2.52005	0.58626	2.67130	0.84251	2.72255	0.86126	2.63505	0.81001	2.38879	0.77626	2.08004	1.15377	2.20004	1.16252	2.29879	1.74253	2.07379	1.92629	2.28879	2.17379	0.99127	2.79380	1.09752	2.85130	1.38502	2.29504	2.37379
hsgr08GR	1.33127	0.46875	1.19127	0.56251	1.03252	0.48501	0.92376	0.70751	0.97627	0.77001	1.28502	0.82251	1.55503	0.81751	1.38252	1.19002	1.29127	1.20252	1.41377	1.78378	1.16377	1.83753	2.32254	2.36504	2.10629	2.97256	1.84003	3.00131	1.02252	2.26879
hsgr09AR	0.47500	1.54753	0.52501	1.70378	0.49001	1.84128	0.67126	1.99379	0.70626	1.94879	0.81251	1.63003	0.83001	1.37002	1.13627	1.59003	1.14127	1.68628	1.70503	1.66503	1.77003	1.92879	2.43755	0.79751	3.03381	1.08502	2.99756	1.37127	2.09379	2.13754
hsgr09CL	1.67628	0.54501	1.47878	0.57001	1.38127	0.46625	1.19377	0.64376	1.21002	0.69376	1.48128	0.85501	1.74628	0.97502	1.43627	1.22877	1.34377	1.22127	1.21502	1.74503	0.98877	1.72003	1.89753	2.67755	1.45753	3.15006	1.22502	3.07131	0.70251	1.99004
hsgr08EL	1.93254	2.96006	1.74253	2.93756	1.64753	3.09131	1.42252	2.95631	1.47253	2.90256	1.70753	2.68005	1.91878	2.49380	1.57753	2.36254	1.48378	2.40255	1.24877	1.88253	1.00002	1.94754	1.71628	0.87501	1.18877	0.49126	0.92251	0.61001	0.63751	1.76128
hsgr01CR	1.49753	2.58255	1.64128	2.51380	1.79753	2.59130	1.89503	2.36379	1.86003	2.31254	1.56128	2.28254	1.30252	2.26879	1.46253	1.95004	1.53253	1.93879	1.45753	1.42252	1.68878	1.39127	0.54751	0.83626	0.73376	0.23500	0.99252	0.19375	1.85128	0.95501
hsgr04DR	1.36252	3.08131	1.52503	2.99381	1.67003	3.03631	1.78503	2.81880	1.72128	2.77755	1.41877	2.70755	1.13377	2.68255	1.32002	2.34754	1.40502	2.33004	1.28252	1.70003	1.52128	1.62128	0.30500	1.00127	0.55751	0.43000	0.82001	0.41375	1.74253	1.22127
hsgr01HR	0.61626	2.80755	0.52626	2.65505	0.42000	2.64630	0.39750	2.36879	0.41000	2.37754	0.74001	2.48755	1.00002	2.61130	1.02877	2.22004	0.95001	2.16254	1.31252	1.70878	1.18627	1.46753	2.51005	1.60378	2.62755	0.98502	2.35629	0.84626	1.22377	1.04627
hsgr09HL	2.58630	1.07877	2.60880	1.25002	2.75005	1.33877	2.63505	1.56378	2.54630	1.51753	2.34629	1.31627	2.17379	1.09627	1.97754	1.43377	2.01629	1.51878	1.52253	1.76003	1.60128	2.00754	0.45375	1.33877	0.15000	1.86003	0.27625	2.07629	1.37127	2.36004
hsgr07GL	0.52126	2.49755	0.50751	2.32504	0.38750	2.22004	0.54376	2.00379	0.60501	2.04379	0.77876	2.28254	0.95751	2.54130	1.16002	2.21504	1.14002	2.13004	1.71378	1.97379	1.70503	1.71753	2.75755	2.52755	3.16631	2.03004	3.04881	1.79378	2.00879	1.38502
hsgr07ER	2.40505	1.13002	2.47005	1.28377	2.60255	1.31502	2.58755	1.55878	2.50380	1.54503	2.22879	1.37377	2.03379	1.20502	1.92879	1.59753	1.99754	1.66253	1.56878	2.06629	1.69503	2.26629	0.48876	1.97254	0.27375	2.62130	0.48626	2.81255	1.60628	2.67505
hsgr06CR	0.43125	2.59880	0.58876	2.64755	0.66751	2.80005	0.85876	2.65130	0.87626	2.60630	0.67501	2.42755	0.48626	2.23254	0.79376	2.05629	0.87126	2.08629	1.10752	1.57128	1.32627	1.65128	0.68876	0.58626	1.20377	0.29500	1.43752	0.42500	1.67503	1.44753
hsgr03DR	0.89501	3.10756	0.75376	2.98756	0.59626	3.04756	0.50751	2.80380	0.59376	2.75755	0.88126	2.75255	1.15627	2.78505	1.01627	2.41880	0.92751	2.39754	1.08627	1.86503	0.86501	1.75753	2.08254	1.39377	1.96004	0.75626	1.69628	0.66376	0.72126	1.36377
hsgr01DR	1.83253	2.92631	1.91128	2.76380	2.03754	2.74755	2.04129	2.49130	1.95629	2.49255	1.72003	2.57505	1.47003	2.68630	1.48878	2.28379	1.55253	2.24254	1.25752	1.76128	1.44128	1.60003	0.21750	1.58878	0.18875	0.91626	0.44125	0.81001	1.44128	1.18127
hsgr08BL	3.10756	1.16627	3.09381	1.33627	3.17881	1.41752	3.05256	1.63003	2.99881	1.59378	2.82255	1.32877	2.71130	1.09877	2.44880	1.37252	2.47255	1.46253	1.93879	1.61128	1.97129	1.86503	1.02877	1.01502	0.57251	1.47878	0.69501	1.69753	1.69003	2.19879
hsgr09DL	0.15250	1.04502	0.34250	0.91501	0.34250	0.73251	0.57751	0.73376	0.58126	0.78001	0.51626	1.09877	0.40250	1.38127	0.80626	1.33127	0.84751	1.23752	1.34377	1.60753	1.49628	1.39377	1.53128	2.69880	2.19629	2.75755	2.30629	2.48505	1.92379	1.38752
hsgr01FL	1.18252	2.83880	0.99752	2.75130	0.85251	2.78130	0.79001	2.56130	0.86251	2.50130	1.13252	2.55255	1.42252	2.56005	1.35127	2.19629	1.25627	2.14879	1.47878	1.61503	1.26377	1.50128	2.53630	1.23877	2.50005	0.58251	2.20504	0.54876	1.16627	1.10752
hsgr03HR	0.37500	1.61753	0.51251	1.49253	0.47125	1.34377	0.71251	1.24127	0.73376	1.29377	0.73751	1.63003	0.72126	1.90628	1.07502	1.76878	1.11377	1.68503	1.64378	1.84628	1.74253	1.63253	2.11129	2.81880	2.69255	2.67880	2.72755	2.41755	2.14379	1.49503
hsgr04AL	0.80376	0.86751	0.73376	1.04627	0.56251	1.06502	0.57876	1.30377	0.63501	1.31252	0.94376	1.18752	1.17377	1.06752	1.22752	1.46253	1.17252	1.52003	1.48628	1.91253	1.35877	2.11379	2.57255	1.93504	2.71630	2.54630	2.51130	2.67505	1.40752	2.52380
hsgr01GL	1.06752	2.67755	1.21377	2.70755	1.29877	2.84880	1.49378	2.72005	1.44753	2.65880	1.25877	2.50755	1.06502	2.32254	1.35252	2.16254	1.42002	2.18879	1.63878	1.70378	1.85628	1.77003	1.24877	0.79126	1.74628	0.43250	1.94754	0.58751	2.13879	1.56753
hsgr08AR	0.76876	1.88878	0.89876	1.77253	0.86376	1.60253	1.10502	1.52253	1.13627	1.59878	1.15877	1.91628	1.11252	2.20254	1.48753	2.11129	1.53003	2.03754	2.04004	2.25004	2.19504	2.04504	2.39504	3.33131	3.03256	3.24006	3.09381	3.03756	2.60255	1.98254
hsgr07HR	1.48378	3.05881	1.35627	2.97006	1.22127	2.96756	1.17252	2.70755	1.25502	2.69255	1.51503	2.72255	1.78628	2.73880	1.70878	2.34379	1.62628	2.30754	1.83003	1.81503	1.62253	1.69003	2.85130	1.45503	2.79380	0.84001	2.54505	0.75751	1.54878	1.30252
hsgr09GR	2.50130	2.52630	2.59505	2.38254	2.77380	2.37254	2.75255	2.11879	2.66630	2.12754	2.39004	2.20879	2.15254	2.32629	2.12129	1.96254	2.19754	1.92504	1.82128	1.48128	1.99504	1.29252	0.73126	1.40002	0.61001	0.77876	0.83001	0.65126	1.97254	0.88376
hsgr09EL	0.40250	0.70126	0.61126	0.62376	0.69001	0.47875	0.93376	0.54876	0.93876	0.59626	0.74626	0.91126	0.55751	1.11377	0.97002	1.20127	1.04627	1.14502	1.43377	1.58003	1.64378	1.43252	1.23752	2.68130	1.85128	2.91506	2.03629	2.71755	2.05004	1.58753
hsgr08CL	1.92004	0.50501	2.04879	0.58876	2.20879	0.56501	2.29504	0.78501	2.23629	0.84751	1.92379	0.85876	1.63128	0.85126	1.81378	1.17377	1.91628	1.19627	1.72378	1.78878	1.97504	1.86503	0.73001	2.28129	0.88751	2.91381	1.15877	2.94756	2.11754	2.30004
hsgr01ER	1.99004	0.87876	2.09004	1.04502	2.22004	1.07627	2.19129	1.33252	2.13754	1.35127	1.88753	1.19127	1.62503	1.06127	1.57003	1.46753	1.64128	1.51878	1.27877	1.93004	1.46128	2.13379	0.12750	1.91503	0.05000	2.56505	0.27625	2.72005	1.42252	2.56630
hsgr04BR	1.41502	0.34375	1.58128	0.44125	1.71878	0.39750	1.88628	0.57126	1.83378	0.62626	1.51253	0.69126	1.19252	0.78376	1.44753	1.07002	1.53003	1.08877	1.44503	1.73753	1.72128	1.82878	0.51751	2.48755	0.79751	3.04381	1.06252	3.05006	1.92504	2.16629
hsgr06BR	0.68626	1.70253	0.79626	1.81753	0.71126	1.96004	0.89376	2.10504	0.92751	2.05754	1.07002	1.74503	1.08002	1.49128	1.34877	1.70253	1.34752	1.80378	1.87378	1.77003	1.93129	2.01004	2.54255	0.96377	3.08256	1.25877	3.07881	1.49003	2.30004	2.23004
hsgr07DR	2.23129	1.35127	2.10629	1.23252	2.13504	1.06502	1.89503	1.04377	1.89003	1.08627	1.91628	1.39002	1.95504	1.67253	1.63503	1.56753	1.58628	1.49128	1.03877	1.76503	0.92876	1.55878	0.77876	2.81005	0.16250	2.77005	0.06250	2.55005	0.50126	1.51003
hsgr03FR	0.79291	1.12380	0.78433	1.27087	0.63482	1.34930	0.76227	1.54048	0.83335	1.49882	1.04169	1.31989	1.22797	1.13851	1.40323	1.44857	1.36401	1.52700	1.83093	1.77088	1.74760	1.97677	2.80033	1.39955	3.13245	1.92162	2.97435	2.13609	1.92530	2.36036
hsgr02BL	1.14954	0.41790	1.29906	0.48408	1.42528	0.41055	1.58093	0.58947	1.49269	0.62624	1.26106	0.72673	1.02209	0.85296	1.24023	1.11278	1.34440	1.10787	1.37381	1.68632	1.62750	1.70961	0.64953	2.45963	1.02086	2.96210	1.25739	2.90205	1.85545	2.02825
hsgr05EL	0.73286	1.96084	0.80272	1.93020	0.81987	1.93020	0.96204	2.01476	0.81130	2.00496	0.70590	1.99638	0.65810	1.97677	0.88238	2.14835	1.07111	1.85299	1.26229	1.79785	1.39220	1.90447	1.09562	1.81991	1.37381	1.64220	1.45225	1.63240	1.40690	1.71574
hsgr05GR	2.54174	2.36649	2.60915	2.25497	2.73047	2.21207	2.65694	1.96084	2.57728	1.98413	2.33340	2.10668	2.09320	2.24271	2.00251	1.87751	2.06011	1.81010	1.67774	1.44612	1.79907	1.22307	0.64340	1.55887	0.40442	0.90934	0.60786	0.74389	1.70961	0.84438
hsgr05FR	2.22065	2.68268	2.34443	2.58586	2.52458	2.62385	2.55767	2.33585	2.48169	2.32850	2.21820	2.35301	1.91182	2.37875	2.00496	1.99148	2.09320	1.94001	1.88241	1.45715	2.09810	1.27945	0.79046	1.06988	0.87257	0.42770	1.12258	0.36153	2.17899	0.86277
hsgr05DL	2.26845	1.08581	2.13854	1.00370	2.10300	0.86399	1.85912	0.87502	1.87996	0.99880	1.97187	1.18753	2.04295	1.51475	1.70225	1.44244	1.64588	1.38362	1.18018	1.72799	1.02821	1.53313	1.13606	2.77092	0.49143	2.88734	0.36030	2.64959	0.59560	1.56132
hsgr03EL	1.28067	1.04415	1.17773	1.21449	1.11768	1.28557	0.96939	1.62995	0.98409	1.52945	1.13606	1.27454	1.31621	1.01718	1.51107	1.30518	1.49882	1.40568	2.05643	1.54539	2.02947	1.80030	2.91063	0.87135	3.46089	1.32111	3.36039	1.58951	2.34198	2.11403
hsgr02CL	1.01351	0.55271	0.85051	0.64707	0.71203	0.63237	0.62379	0.90198	0.74757	0.89218	1.01228	0.86277	1.26597	0.85419	1.20837	1.19611	1.10297	1.22797	1.37381	1.81255	1.12503	1.91917	2.40448	2.21207	2.26967	2.83709	2.04295	2.86896	1.06988	2.34443
hsgr02AR	0.93507	0.57354	0.90811	0.74634	0.75615	0.72796	0.76105	0.98042	0.84071	0.98777	1.04905	0.90076	1.29293	0.86522	1.27087	1.18998	1.19366	1.21940	1.47921	1.68877	1.31009	1.79662	2.47801	1.95226	2.46331	2.54787	2.23046	2.61895	1.30028	2.22433
hsgr05CL	0.82478	1.18753	0.86644	1.33214	0.84806	1.46940	0.97306	1.58093	1.00738	1.50372	1.05640	1.25861	1.11768	1.03802	1.41303	1.18508	1.41180	1.27700	1.96452	1.23655	1.97800	1.46573	2.66920	0.48163	3.23662	0.75615	3.16921	1.01718	2.34075	1.68265
hsgr03CL	1.09684	3.00867	0.93385	2.90695	0.79659	2.93759	0.72673	2.69248	0.79169	2.64959	1.08581	2.66797	1.31009	2.70841	1.21817	2.34198	1.13483	2.31257	1.34685	1.73534	1.11768	1.64588	2.32973	1.35543	2.22065	0.69732	1.97310	0.65075	1.01106	1.26474
hsgr05BL	1.53068	0.32966	1.40935	0.43016	1.26474	0.40442	1.21082	0.65565	1.31744	0.67281	1.53436	0.59683	1.80275	0.56374	1.74270	0.91301	1.66794	0.95223	1.89466	1.41303	1.71574	1.55519	2.92533	1.73044	2.88979	2.31502	2.64469	2.39345	1.66549	1.95471
hsgr05CR	2.71332	2.17899	2.73415	2.01231	2.87018	1.95104	2.79052	1.72922	2.72067	1.78559	2.52826	1.92408	2.31379	2.08584	2.16305	1.72677	2.22310	1.66794	1.76966	1.34317	1.88853	1.13116	0.70467	1.57970	0.44609	0.99022	0.63359	0.80149	1.73412	0.73899
hsgr03CR	0.97797	2.93514	1.14464	2.90817	1.25616	3.03563	1.44857	2.83342	1.37504	2.77704	1.16425	2.66797	0.90811	2.53807	1.19243	2.30154	1.27945	2.31257	1.37994	1.72799	1.62750	1.74637	0.70222	0.88850	1.10787	0.35417	1.36769	0.44976	1.89711	1.45102
hsgr05BR	2.67900	2.38855	2.73415	2.26477	2.88612	2.23904	2.87141	2.00251	2.77949	2.00986	2.56135	2.12629	2.31012	2.23291	2.30031	1.89711	2.37139	1.83706	2.01722	1.43877	2.14222	1.24636	0.96694	1.36769	0.84438	0.79169	1.05272	0.64953	2.08830	0.85664
hsgr03FL	2.64469	1.40200	2.57238	1.54539	2.62753	1.67162	2.41429	1.77946	2.37752	1.70471	2.33708	1.44734	2.29909	1.20101	1.97922	1.36891	1.96942	1.43754	1.42651	1.36156	1.37504	1.59196	0.78556	0.49143	0.22059	0.73164	0.22917	0.99022	0.99512	1.75985
hsgr02BR	2.73415	0.67894	2.57483	0.63482	2.55767	0.48776	2.31747	0.52207	2.33340	0.60296	2.43757	0.86032	2.56748	1.11523	2.19859	1.14586	2.12996	1.07478	1.71574	1.48901	1.53313	1.32111	1.74515	2.54419	1.13361	2.67778	0.99022	2.47434	1.12380	1.41058
hsgr05ER	1.74270	2.29418	1.62260	2.30031	1.56867	2.46576	1.34930	2.36894	1.37259	2.28070	1.52823	2.11281	1.68510	1.85299	1.37259	1.77456	1.29783	1.80888	1.00738	1.33214	0.76963	1.42038	1.24268	0.30393	0.72306	0.03063	0.53433	0.18873	0.45834	1.29783
hsgr05GL	2.40816	3.19740	2.52704	3.09691	2.68023	3.11897	2.75253	2.89714	2.63611	2.86651	2.40448	2.87876	2.08707	2.86160	2.20104	2.51233	2.29418	2.49027	2.11648	1.96697	2.32605	1.81991	1.11278	1.56500	1.23533	0.91914	1.48779	0.85296	2.41796	1.46940
hsgr05FL	2.74886	1.33582	2.60792	1.19611	2.67287	1.05027	2.41429	0.97919	2.39223	1.06375	2.38487	1.33092	2.37139	1.65446	2.04050	1.48166	2.01476	1.39220	1.44367	1.58705	1.34072	1.34440	0.98042	2.61772	0.34314	2.45841	0.30148	2.18511	0.92527	1.22797
hsgr05DR	1.35911	0.74389	1.50740	0.74144	1.58093	0.63114	1.78191	0.75737	1.74637	0.83703	1.57235	1.01228	1.38607	1.21204	1.69368	1.31376	1.75495	1.27577	2.02825	1.80520	2.23781	1.74392	1.68265	2.76846	2.20350	3.12387	2.40448	2.97313	2.59566	1.92530
hsgr03ER	0.61398	2.37875	0.59683	2.24271	0.47795	2.18266	0.56619	1.90079	0.66668	1.93020	0.83458	2.15938	1.03434	2.33953	1.15935	1.95716	1.12013	1.87751	1.55642	1.48411	1.46450	1.32234	2.57606	1.89711	2.94004	1.29170	2.76111	1.08949	1.63975	0.95958
hsgr02R	2.32360	2.72189	2.17408	2.73660	2.08462	2.88121	1.87751	2.71577	1.92653	2.63978	2.12874	2.50375	2.34566	2.21820	2.01109	2.09075	1.92040	2.13977	1.67162	1.59318	1.44122	1.65323	2.12751	0.56987	1.61524	0.19608	1.40445	0.33211	1.12013	1.42161
hsgr02CR	2.34198	2.72435	2.17041	2.73170	2.08094	2.85915	1.86893	2.71822	1.91550	2.64346	2.12629	2.48659	2.34198	2.21575	2.01109	2.09933	1.92408	2.13242	1.69368	1.59686	1.45102	1.64833	2.13487	0.55393	1.61402	0.19976	1.40200	0.32231	1.11768	1.42161
hsgr02AL	1.37259	0.58457	1.20959	0.61766	1.10910	0.51104	0.95591	0.68874	1.00983	0.74144	1.21940	0.84929	1.45960	0.95101	1.19611	1.17773	1.11768	1.16302	1.03924	1.68265	0.81620	1.70593	1.61034	2.51846	1.22307	2.96087	1.00125	2.87999	0.55761	2.00373